Current directory: C:\z\pawnDuel
index: 0
нет проигрышных куч

index: 1
[1]

index: 2
нет проигрышных куч

index: 3
[1, 1, 1]

index: 4
[2, 2]

index: 5
[1, 1, 1, 1, 1]
[1, 4]
[5]

index: 6
[1, 1, 2, 2]
[1, 2, 3]
[3, 3]

index: 7
[1, 1, 1, 1, 1, 1, 1]
[1, 1, 1, 4]
[1, 1, 5]

index: 8
[1, 1, 1, 1, 2, 2]
[1, 1, 1, 2, 3]
[1, 1, 3, 3]
[2, 2, 2, 2]
[2, 2, 4]
[2, 6]

index: 9
[1, 1, 1, 1, 1, 1, 1, 1, 1]
[1, 1, 1, 1, 1, 4]
[1, 1, 1, 1, 5]
[1, 4, 4]
[1, 8]
[4, 5]
[9]

index: 10
[1, 1, 1, 1, 1, 1, 2, 2]
[1, 1, 1, 1, 1, 2, 3]
[1, 1, 1, 1, 3, 3]
[1, 1, 2, 2, 2, 2]
[1, 1, 2, 2, 4]
[1, 1, 2, 6]
[1, 2, 2, 2, 3]
[1, 2, 2, 5]
[1, 2, 3, 4]
[1, 2, 7]
[1, 3, 6]
[2, 2, 3, 3]
[2, 3, 5]
[3, 3, 4]
[3, 7]

index: 11
[1, 1, 1, 1, 1, 1, 1, 1, 1, 1, 1]
[1, 1, 1, 1, 1, 1, 1, 4]
[1, 1, 1, 1, 1, 1, 5]
[1, 1, 1, 4, 4]
[1, 1, 1, 8]
[1, 1, 4, 5]
[1, 1, 9]
[1, 5, 5]

index: 12
[1, 1, 1, 1, 1, 1, 1, 1, 2, 2]
[1, 1, 1, 1, 1, 1, 1, 2, 3]
[1, 1, 1, 1, 1, 1, 3, 3]
[1, 1, 1, 1, 2, 2, 2, 2]
[1, 1, 1, 1, 2, 2, 4]
[1, 1, 1, 1, 2, 6]
[1, 1, 1, 2, 2, 2, 3]
[1, 1, 1, 2, 2, 5]
[1, 1, 1, 2, 3, 4]
[1, 1, 1, 2, 7]
[1, 1, 1, 3, 6]
[1, 1, 2, 2, 3, 3]
[1, 1, 2, 3, 5]
[1, 1, 3, 3, 4]
[1, 1, 3, 7]
[1, 2, 3, 3, 3]
[1, 3, 3, 5]
[2, 2, 2, 2, 2, 2]
[2, 2, 2, 2, 4]
[2, 2, 2, 6]
[2, 2, 4, 4]
[2, 2, 8]
[2, 4, 6]
[2, 10]
[3, 3, 3, 3]
[6, 6]

index: 13
[1, 1, 1, 1, 1, 1, 1, 1, 1, 1, 1, 1, 1]
[1, 1, 1, 1, 1, 1, 1, 1, 1, 4]
[1, 1, 1, 1, 1, 1, 1, 1, 5]
[1, 1, 1, 1, 1, 4, 4]
[1, 1, 1, 1, 1, 8]
[1, 1, 1, 1, 4, 5]
[1, 1, 1, 1, 9]
[1, 1, 1, 5, 5]
[1, 4, 4, 4]
[1, 4, 8]
[1, 12]
[4, 4, 5]
[4, 9]
[5, 8]
[13]

index: 14
[1, 1, 1, 1, 1, 1, 1, 1, 1, 1, 2, 2]
[1, 1, 1, 1, 1, 1, 1, 1, 1, 2, 3]
[1, 1, 1, 1, 1, 1, 1, 1, 3, 3]
[1, 1, 1, 1, 1, 1, 2, 2, 2, 2]
[1, 1, 1, 1, 1, 1, 2, 2, 4]
[1, 1, 1, 1, 1, 1, 2, 6]
[1, 1, 1, 1, 1, 2, 2, 2, 3]
[1, 1, 1, 1, 1, 2, 2, 5]
[1, 1, 1, 1, 1, 2, 3, 4]
[1, 1, 1, 1, 1, 2, 7]
[1, 1, 1, 1, 1, 3, 6]
[1, 1, 1, 1, 2, 2, 3, 3]
[1, 1, 1, 1, 2, 3, 5]
[1, 1, 1, 1, 3, 3, 4]
[1, 1, 1, 1, 3, 7]
[1, 1, 1, 2, 3, 3, 3]
[1, 1, 1, 3, 3, 5]
[1, 1, 2, 2, 2, 2, 2, 2]
[1, 1, 2, 2, 2, 2, 4]
[1, 1, 2, 2, 2, 6]
[1, 1, 2, 2, 4, 4]
[1, 1, 2, 2, 8]
[1, 1, 2, 4, 6]
[1, 1, 2, 10]
[1, 1, 3, 3, 3, 3]
[1, 1, 6, 6]
[1, 2, 2, 2, 2, 2, 3]
[1, 2, 2, 2, 2, 5]
[1, 2, 2, 2, 3, 4]
[1, 2, 2, 2, 7]
[1, 2, 2, 3, 6]
[1, 2, 2, 4, 5]
[1, 2, 2, 9]
[1, 2, 3, 4, 4]
[1, 2, 3, 8]
[1, 2, 4, 7]
[1, 2, 5, 6]
[1, 2, 11]
[1, 3, 4, 6]
[1, 3, 10]
[1, 6, 7]
[2, 2, 2, 2, 3, 3]
[2, 2, 2, 3, 5]
[2, 2, 3, 3, 4]
[2, 2, 3, 7]
[2, 2, 5, 5]
[2, 3, 3, 6]
[2, 3, 4, 5]
[2, 3, 9]
[2, 5, 7]
[3, 3, 4, 4]
[3, 3, 8]
[3, 4, 7]
[3, 5, 6]
[3, 11]
[7, 7]

index: 15
[1, 1, 1, 1, 1, 1, 1, 1, 1, 1, 1, 1, 1, 1, 1]
[1, 1, 1, 1, 1, 1, 1, 1, 1, 1, 1, 4]
[1, 1, 1, 1, 1, 1, 1, 1, 1, 1, 5]
[1, 1, 1, 1, 1, 1, 1, 4, 4]
[1, 1, 1, 1, 1, 1, 1, 8]
[1, 1, 1, 1, 1, 1, 4, 5]
[1, 1, 1, 1, 1, 1, 9]
[1, 1, 1, 1, 1, 5, 5]
[1, 1, 1, 4, 4, 4]
[1, 1, 1, 4, 8]
[1, 1, 1, 12]
[1, 1, 4, 4, 5]
[1, 1, 4, 9]
[1, 1, 5, 8]
[1, 1, 13]
[1, 4, 5, 5]
[1, 5, 9]
[5, 5, 5]

index: 16
[1, 1, 1, 1, 1, 1, 1, 1, 1, 1, 1, 1, 2, 2]
[1, 1, 1, 1, 1, 1, 1, 1, 1, 1, 1, 2, 3]
[1, 1, 1, 1, 1, 1, 1, 1, 1, 1, 3, 3]
[1, 1, 1, 1, 1, 1, 1, 1, 2, 2, 2, 2]
[1, 1, 1, 1, 1, 1, 1, 1, 2, 2, 4]
[1, 1, 1, 1, 1, 1, 1, 1, 2, 6]
[1, 1, 1, 1, 1, 1, 1, 2, 2, 2, 3]
[1, 1, 1, 1, 1, 1, 1, 2, 2, 5]
[1, 1, 1, 1, 1, 1, 1, 2, 3, 4]
[1, 1, 1, 1, 1, 1, 1, 2, 7]
[1, 1, 1, 1, 1, 1, 1, 3, 6]
[1, 1, 1, 1, 1, 1, 2, 2, 3, 3]
[1, 1, 1, 1, 1, 1, 2, 3, 5]
[1, 1, 1, 1, 1, 1, 3, 3, 4]
[1, 1, 1, 1, 1, 1, 3, 7]
[1, 1, 1, 1, 1, 2, 3, 3, 3]
[1, 1, 1, 1, 1, 3, 3, 5]
[1, 1, 1, 1, 2, 2, 2, 2, 2, 2]
[1, 1, 1, 1, 2, 2, 2, 2, 4]
[1, 1, 1, 1, 2, 2, 2, 6]
[1, 1, 1, 1, 2, 2, 4, 4]
[1, 1, 1, 1, 2, 2, 8]
[1, 1, 1, 1, 2, 4, 6]
[1, 1, 1, 1, 2, 10]
[1, 1, 1, 1, 3, 3, 3, 3]
[1, 1, 1, 1, 6, 6]
[1, 1, 1, 2, 2, 2, 2, 2, 3]
[1, 1, 1, 2, 2, 2, 2, 5]
[1, 1, 1, 2, 2, 2, 3, 4]
[1, 1, 1, 2, 2, 2, 7]
[1, 1, 1, 2, 2, 3, 6]
[1, 1, 1, 2, 2, 4, 5]
[1, 1, 1, 2, 2, 9]
[1, 1, 1, 2, 3, 4, 4]
[1, 1, 1, 2, 3, 8]
[1, 1, 1, 2, 4, 7]
[1, 1, 1, 2, 5, 6]
[1, 1, 1, 2, 11]
[1, 1, 1, 3, 4, 6]
[1, 1, 1, 3, 10]
[1, 1, 1, 6, 7]
[1, 1, 2, 2, 2, 2, 3, 3]
[1, 1, 2, 2, 2, 3, 5]
[1, 1, 2, 2, 3, 3, 4]
[1, 1, 2, 2, 3, 7]
[1, 1, 2, 2, 5, 5]
[1, 1, 2, 3, 3, 6]
[1, 1, 2, 3, 4, 5]
[1, 1, 2, 3, 9]
[1, 1, 2, 5, 7]
[1, 1, 3, 3, 4, 4]
[1, 1, 3, 3, 8]
[1, 1, 3, 4, 7]
[1, 1, 3, 5, 6]
[1, 1, 3, 11]
[1, 1, 7, 7]
[1, 2, 2, 2, 3, 3, 3]
[1, 2, 2, 3, 3, 5]
[1, 2, 3, 3, 3, 4]
[1, 2, 3, 3, 7]
[1, 2, 3, 5, 5]
[1, 3, 3, 3, 6]
[1, 3, 3, 4, 5]
[1, 3, 3, 9]
[1, 3, 5, 7]
[2, 2, 2, 2, 2, 2, 2, 2]
[2, 2, 2, 2, 2, 2, 4]
[2, 2, 2, 2, 2, 6]
[2, 2, 2, 2, 4, 4]
[2, 2, 2, 2, 8]
[2, 2, 2, 4, 6]
[2, 2, 2, 10]
[2, 2, 3, 3, 3, 3]
[2, 2, 4, 4, 4]
[2, 2, 4, 8]
[2, 2, 6, 6]
[2, 2, 12]
[2, 3, 3, 3, 5]
[2, 4, 4, 6]
[2, 4, 10]
[2, 6, 8]
[2, 14]
[3, 3, 3, 3, 4]
[3, 3, 3, 7]
[3, 3, 5, 5]
[4, 6, 6]
[6, 10]

index: 17
[1, 1, 1, 1, 1, 1, 1, 1, 1, 1, 1, 1, 1, 1, 1, 1, 1]
[1, 1, 1, 1, 1, 1, 1, 1, 1, 1, 1, 1, 1, 4]
[1, 1, 1, 1, 1, 1, 1, 1, 1, 1, 1, 1, 5]
[1, 1, 1, 1, 1, 1, 1, 1, 1, 4, 4]
[1, 1, 1, 1, 1, 1, 1, 1, 1, 8]
[1, 1, 1, 1, 1, 1, 1, 1, 4, 5]
[1, 1, 1, 1, 1, 1, 1, 1, 9]
[1, 1, 1, 1, 1, 1, 1, 5, 5]
[1, 1, 1, 1, 1, 4, 4, 4]
[1, 1, 1, 1, 1, 4, 8]
[1, 1, 1, 1, 1, 12]
[1, 1, 1, 1, 4, 4, 5]
[1, 1, 1, 1, 4, 9]
[1, 1, 1, 1, 5, 8]
[1, 1, 1, 1, 13]
[1, 1, 1, 4, 5, 5]
[1, 1, 1, 5, 9]
[1, 1, 5, 5, 5]
[1, 4, 4, 4, 4]
[1, 4, 4, 8]
[1, 4, 12]
[1, 8, 8]
[1, 16]
[4, 4, 4, 5]
[4, 4, 9]
[4, 5, 8]
[4, 13]
[5, 12]
[8, 9]
[17]

index: 18
[1, 1, 1, 1, 1, 1, 1, 1, 1, 1, 1, 1, 1, 1, 2, 2]
[1, 1, 1, 1, 1, 1, 1, 1, 1, 1, 1, 1, 1, 2, 3]
[1, 1, 1, 1, 1, 1, 1, 1, 1, 1, 1, 1, 3, 3]
[1, 1, 1, 1, 1, 1, 1, 1, 1, 1, 2, 2, 2, 2]
[1, 1, 1, 1, 1, 1, 1, 1, 1, 1, 2, 2, 4]
[1, 1, 1, 1, 1, 1, 1, 1, 1, 1, 2, 6]
[1, 1, 1, 1, 1, 1, 1, 1, 1, 2, 2, 2, 3]
[1, 1, 1, 1, 1, 1, 1, 1, 1, 2, 2, 5]
[1, 1, 1, 1, 1, 1, 1, 1, 1, 2, 3, 4]
[1, 1, 1, 1, 1, 1, 1, 1, 1, 2, 7]
[1, 1, 1, 1, 1, 1, 1, 1, 1, 3, 6]
[1, 1, 1, 1, 1, 1, 1, 1, 2, 2, 3, 3]
[1, 1, 1, 1, 1, 1, 1, 1, 2, 3, 5]
[1, 1, 1, 1, 1, 1, 1, 1, 3, 3, 4]
[1, 1, 1, 1, 1, 1, 1, 1, 3, 7]
[1, 1, 1, 1, 1, 1, 1, 2, 3, 3, 3]
[1, 1, 1, 1, 1, 1, 1, 3, 3, 5]
[1, 1, 1, 1, 1, 1, 2, 2, 2, 2, 2, 2]
[1, 1, 1, 1, 1, 1, 2, 2, 2, 2, 4]
[1, 1, 1, 1, 1, 1, 2, 2, 2, 6]
[1, 1, 1, 1, 1, 1, 2, 2, 4, 4]
[1, 1, 1, 1, 1, 1, 2, 2, 8]
[1, 1, 1, 1, 1, 1, 2, 4, 6]
[1, 1, 1, 1, 1, 1, 2, 10]
[1, 1, 1, 1, 1, 1, 3, 3, 3, 3]
[1, 1, 1, 1, 1, 1, 6, 6]
[1, 1, 1, 1, 1, 2, 2, 2, 2, 2, 3]
[1, 1, 1, 1, 1, 2, 2, 2, 2, 5]
[1, 1, 1, 1, 1, 2, 2, 2, 3, 4]
[1, 1, 1, 1, 1, 2, 2, 2, 7]
[1, 1, 1, 1, 1, 2, 2, 3, 6]
[1, 1, 1, 1, 1, 2, 2, 4, 5]
[1, 1, 1, 1, 1, 2, 2, 9]
[1, 1, 1, 1, 1, 2, 3, 4, 4]
[1, 1, 1, 1, 1, 2, 3, 8]
[1, 1, 1, 1, 1, 2, 4, 7]
[1, 1, 1, 1, 1, 2, 5, 6]
[1, 1, 1, 1, 1, 2, 11]
[1, 1, 1, 1, 1, 3, 4, 6]
[1, 1, 1, 1, 1, 3, 10]
[1, 1, 1, 1, 1, 6, 7]
[1, 1, 1, 1, 2, 2, 2, 2, 3, 3]
[1, 1, 1, 1, 2, 2, 2, 3, 5]
[1, 1, 1, 1, 2, 2, 3, 3, 4]
[1, 1, 1, 1, 2, 2, 3, 7]
[1, 1, 1, 1, 2, 2, 5, 5]
[1, 1, 1, 1, 2, 3, 3, 6]
[1, 1, 1, 1, 2, 3, 4, 5]
[1, 1, 1, 1, 2, 3, 9]
[1, 1, 1, 1, 2, 5, 7]
[1, 1, 1, 1, 3, 3, 4, 4]
[1, 1, 1, 1, 3, 3, 8]
[1, 1, 1, 1, 3, 4, 7]
[1, 1, 1, 1, 3, 5, 6]
[1, 1, 1, 1, 3, 11]
[1, 1, 1, 1, 7, 7]
[1, 1, 1, 2, 2, 2, 3, 3, 3]
[1, 1, 1, 2, 2, 3, 3, 5]
[1, 1, 1, 2, 3, 3, 3, 4]
[1, 1, 1, 2, 3, 3, 7]
[1, 1, 1, 2, 3, 5, 5]
[1, 1, 1, 3, 3, 3, 6]
[1, 1, 1, 3, 3, 4, 5]
[1, 1, 1, 3, 3, 9]
[1, 1, 1, 3, 5, 7]
[1, 1, 2, 2, 2, 2, 2, 2, 2, 2]
[1, 1, 2, 2, 2, 2, 2, 2, 4]
[1, 1, 2, 2, 2, 2, 2, 6]
[1, 1, 2, 2, 2, 2, 4, 4]
[1, 1, 2, 2, 2, 2, 8]
[1, 1, 2, 2, 2, 4, 6]
[1, 1, 2, 2, 2, 10]
[1, 1, 2, 2, 3, 3, 3, 3]
[1, 1, 2, 2, 4, 4, 4]
[1, 1, 2, 2, 4, 8]
[1, 1, 2, 2, 6, 6]
[1, 1, 2, 2, 12]
[1, 1, 2, 3, 3, 3, 5]
[1, 1, 2, 4, 4, 6]
[1, 1, 2, 4, 10]
[1, 1, 2, 6, 8]
[1, 1, 2, 14]
[1, 1, 3, 3, 3, 3, 4]
[1, 1, 3, 3, 3, 7]
[1, 1, 3, 3, 5, 5]
[1, 1, 4, 6, 6]
[1, 1, 6, 10]
[1, 2, 2, 2, 2, 2, 2, 2, 3]
[1, 2, 2, 2, 2, 2, 2, 5]
[1, 2, 2, 2, 2, 2, 3, 4]
[1, 2, 2, 2, 2, 2, 7]
[1, 2, 2, 2, 2, 3, 6]
[1, 2, 2, 2, 2, 4, 5]
[1, 2, 2, 2, 2, 9]
[1, 2, 2, 2, 3, 4, 4]
[1, 2, 2, 2, 3, 8]
[1, 2, 2, 2, 4, 7]
[1, 2, 2, 2, 5, 6]
[1, 2, 2, 2, 11]
[1, 2, 2, 3, 4, 6]
[1, 2, 2, 3, 10]
[1, 2, 2, 4, 4, 5]
[1, 2, 2, 4, 9]
[1, 2, 2, 5, 8]
[1, 2, 2, 6, 7]
[1, 2, 2, 13]
[1, 2, 3, 3, 3, 3, 3]
[1, 2, 3, 4, 4, 4]
[1, 2, 3, 4, 8]
[1, 2, 3, 6, 6]
[1, 2, 3, 12]
[1, 2, 4, 4, 7]
[1, 2, 4, 5, 6]
[1, 2, 4, 11]
[1, 2, 5, 10]
[1, 2, 6, 9]
[1, 2, 7, 8]
[1, 2, 15]
[1, 3, 3, 3, 3, 5]
[1, 3, 4, 4, 6]
[1, 3, 4, 10]
[1, 3, 6, 8]
[1, 3, 14]
[1, 4, 6, 7]
[1, 5, 6, 6]
[1, 6, 11]
[1, 7, 10]
[2, 2, 2, 2, 2, 2, 3, 3]
[2, 2, 2, 2, 2, 3, 5]
[2, 2, 2, 2, 3, 3, 4]
[2, 2, 2, 2, 3, 7]
[2, 2, 2, 2, 5, 5]
[2, 2, 2, 3, 3, 6]
[2, 2, 2, 3, 4, 5]
[2, 2, 2, 3, 9]
[2, 2, 2, 5, 7]
[2, 2, 3, 3, 4, 4]
[2, 2, 3, 3, 8]
[2, 2, 3, 4, 7]
[2, 2, 3, 5, 6]
[2, 2, 3, 11]
[2, 2, 4, 5, 5]
[2, 2, 5, 9]
[2, 2, 7, 7]
[2, 3, 3, 4, 6]
[2, 3, 3, 10]
[2, 3, 4, 4, 5]
[2, 3, 4, 9]
[2, 3, 5, 8]
[2, 3, 6, 7]
[2, 3, 13]
[2, 4, 5, 7]
[2, 5, 5, 6]
[2, 5, 11]
[2, 7, 9]
[3, 3, 3, 3, 3, 3]
[3, 3, 4, 4, 4]
[3, 3, 4, 8]
[3, 3, 6, 6]
[3, 3, 12]
[3, 4, 4, 7]
[3, 4, 5, 6]
[3, 4, 11]
[3, 5, 10]
[3, 6, 9]
[3, 7, 8]
[3, 15]
[4, 7, 7]
[5, 6, 7]
[7, 11]

index: 19
[1, 1, 1, 1, 1, 1, 1, 1, 1, 1, 1, 1, 1, 1, 1, 1, 1, 1, 1]
[1, 1, 1, 1, 1, 1, 1, 1, 1, 1, 1, 1, 1, 1, 1, 4]
[1, 1, 1, 1, 1, 1, 1, 1, 1, 1, 1, 1, 1, 1, 5]
[1, 1, 1, 1, 1, 1, 1, 1, 1, 1, 1, 4, 4]
[1, 1, 1, 1, 1, 1, 1, 1, 1, 1, 1, 8]
[1, 1, 1, 1, 1, 1, 1, 1, 1, 1, 4, 5]
[1, 1, 1, 1, 1, 1, 1, 1, 1, 1, 9]
[1, 1, 1, 1, 1, 1, 1, 1, 1, 5, 5]
[1, 1, 1, 1, 1, 1, 1, 4, 4, 4]
[1, 1, 1, 1, 1, 1, 1, 4, 8]
[1, 1, 1, 1, 1, 1, 1, 12]
[1, 1, 1, 1, 1, 1, 4, 4, 5]
[1, 1, 1, 1, 1, 1, 4, 9]
[1, 1, 1, 1, 1, 1, 5, 8]
[1, 1, 1, 1, 1, 1, 13]
[1, 1, 1, 1, 1, 4, 5, 5]
[1, 1, 1, 1, 1, 5, 9]
[1, 1, 1, 1, 5, 5, 5]
[1, 1, 1, 4, 4, 4, 4]
[1, 1, 1, 4, 4, 8]
[1, 1, 1, 4, 12]
[1, 1, 1, 8, 8]
[1, 1, 1, 16]
[1, 1, 4, 4, 4, 5]
[1, 1, 4, 4, 9]
[1, 1, 4, 5, 8]
[1, 1, 4, 13]
[1, 1, 5, 12]
[1, 1, 8, 9]
[1, 1, 17]
[1, 4, 4, 5, 5]
[1, 4, 5, 9]
[1, 5, 5, 8]
[1, 5, 13]
[1, 9, 9]
[4, 5, 5, 5]
[5, 5, 9]

index: 20
[1, 1, 1, 1, 1, 1, 1, 1, 1, 1, 1, 1, 1, 1, 1, 1, 2, 2]
[1, 1, 1, 1, 1, 1, 1, 1, 1, 1, 1, 1, 1, 1, 1, 2, 3]
[1, 1, 1, 1, 1, 1, 1, 1, 1, 1, 1, 1, 1, 1, 3, 3]
[1, 1, 1, 1, 1, 1, 1, 1, 1, 1, 1, 1, 2, 2, 2, 2]
[1, 1, 1, 1, 1, 1, 1, 1, 1, 1, 1, 1, 2, 2, 4]
[1, 1, 1, 1, 1, 1, 1, 1, 1, 1, 1, 1, 2, 6]
[1, 1, 1, 1, 1, 1, 1, 1, 1, 1, 1, 2, 2, 2, 3]
[1, 1, 1, 1, 1, 1, 1, 1, 1, 1, 1, 2, 2, 5]
[1, 1, 1, 1, 1, 1, 1, 1, 1, 1, 1, 2, 3, 4]
[1, 1, 1, 1, 1, 1, 1, 1, 1, 1, 1, 2, 7]
[1, 1, 1, 1, 1, 1, 1, 1, 1, 1, 1, 3, 6]
[1, 1, 1, 1, 1, 1, 1, 1, 1, 1, 2, 2, 3, 3]
[1, 1, 1, 1, 1, 1, 1, 1, 1, 1, 2, 3, 5]
[1, 1, 1, 1, 1, 1, 1, 1, 1, 1, 3, 3, 4]
[1, 1, 1, 1, 1, 1, 1, 1, 1, 1, 3, 7]
[1, 1, 1, 1, 1, 1, 1, 1, 1, 2, 3, 3, 3]
[1, 1, 1, 1, 1, 1, 1, 1, 1, 3, 3, 5]
[1, 1, 1, 1, 1, 1, 1, 1, 2, 2, 2, 2, 2, 2]
[1, 1, 1, 1, 1, 1, 1, 1, 2, 2, 2, 2, 4]
[1, 1, 1, 1, 1, 1, 1, 1, 2, 2, 2, 6]
[1, 1, 1, 1, 1, 1, 1, 1, 2, 2, 4, 4]
[1, 1, 1, 1, 1, 1, 1, 1, 2, 2, 8]
[1, 1, 1, 1, 1, 1, 1, 1, 2, 4, 6]
[1, 1, 1, 1, 1, 1, 1, 1, 2, 10]
[1, 1, 1, 1, 1, 1, 1, 1, 3, 3, 3, 3]
[1, 1, 1, 1, 1, 1, 1, 1, 6, 6]
[1, 1, 1, 1, 1, 1, 1, 2, 2, 2, 2, 2, 3]
[1, 1, 1, 1, 1, 1, 1, 2, 2, 2, 2, 5]
[1, 1, 1, 1, 1, 1, 1, 2, 2, 2, 3, 4]
[1, 1, 1, 1, 1, 1, 1, 2, 2, 2, 7]
[1, 1, 1, 1, 1, 1, 1, 2, 2, 3, 6]
[1, 1, 1, 1, 1, 1, 1, 2, 2, 4, 5]
[1, 1, 1, 1, 1, 1, 1, 2, 2, 9]
[1, 1, 1, 1, 1, 1, 1, 2, 3, 4, 4]
[1, 1, 1, 1, 1, 1, 1, 2, 3, 8]
[1, 1, 1, 1, 1, 1, 1, 2, 4, 7]
[1, 1, 1, 1, 1, 1, 1, 2, 5, 6]
[1, 1, 1, 1, 1, 1, 1, 2, 11]
[1, 1, 1, 1, 1, 1, 1, 3, 4, 6]
[1, 1, 1, 1, 1, 1, 1, 3, 10]
[1, 1, 1, 1, 1, 1, 1, 6, 7]
[1, 1, 1, 1, 1, 1, 2, 2, 2, 2, 3, 3]
[1, 1, 1, 1, 1, 1, 2, 2, 2, 3, 5]
[1, 1, 1, 1, 1, 1, 2, 2, 3, 3, 4]
[1, 1, 1, 1, 1, 1, 2, 2, 3, 7]
[1, 1, 1, 1, 1, 1, 2, 2, 5, 5]
[1, 1, 1, 1, 1, 1, 2, 3, 3, 6]
[1, 1, 1, 1, 1, 1, 2, 3, 4, 5]
[1, 1, 1, 1, 1, 1, 2, 3, 9]
[1, 1, 1, 1, 1, 1, 2, 5, 7]
[1, 1, 1, 1, 1, 1, 3, 3, 4, 4]
[1, 1, 1, 1, 1, 1, 3, 3, 8]
[1, 1, 1, 1, 1, 1, 3, 4, 7]
[1, 1, 1, 1, 1, 1, 3, 5, 6]
[1, 1, 1, 1, 1, 1, 3, 11]
[1, 1, 1, 1, 1, 1, 7, 7]
[1, 1, 1, 1, 1, 2, 2, 2, 3, 3, 3]
[1, 1, 1, 1, 1, 2, 2, 3, 3, 5]
[1, 1, 1, 1, 1, 2, 3, 3, 3, 4]
[1, 1, 1, 1, 1, 2, 3, 3, 7]
[1, 1, 1, 1, 1, 2, 3, 5, 5]
[1, 1, 1, 1, 1, 3, 3, 3, 6]
[1, 1, 1, 1, 1, 3, 3, 4, 5]
[1, 1, 1, 1, 1, 3, 3, 9]
[1, 1, 1, 1, 1, 3, 5, 7]
[1, 1, 1, 1, 2, 2, 2, 2, 2, 2, 2, 2]
[1, 1, 1, 1, 2, 2, 2, 2, 2, 2, 4]
[1, 1, 1, 1, 2, 2, 2, 2, 2, 6]
[1, 1, 1, 1, 2, 2, 2, 2, 4, 4]
[1, 1, 1, 1, 2, 2, 2, 2, 8]
[1, 1, 1, 1, 2, 2, 2, 4, 6]
[1, 1, 1, 1, 2, 2, 2, 10]
[1, 1, 1, 1, 2, 2, 3, 3, 3, 3]
[1, 1, 1, 1, 2, 2, 4, 4, 4]
[1, 1, 1, 1, 2, 2, 4, 8]
[1, 1, 1, 1, 2, 2, 6, 6]
[1, 1, 1, 1, 2, 2, 12]
[1, 1, 1, 1, 2, 3, 3, 3, 5]
[1, 1, 1, 1, 2, 4, 4, 6]
[1, 1, 1, 1, 2, 4, 10]
[1, 1, 1, 1, 2, 6, 8]
[1, 1, 1, 1, 2, 14]
[1, 1, 1, 1, 3, 3, 3, 3, 4]
[1, 1, 1, 1, 3, 3, 3, 7]
[1, 1, 1, 1, 3, 3, 5, 5]
[1, 1, 1, 1, 4, 6, 6]
[1, 1, 1, 1, 6, 10]
[1, 1, 1, 2, 2, 2, 2, 2, 2, 2, 3]
[1, 1, 1, 2, 2, 2, 2, 2, 2, 5]
[1, 1, 1, 2, 2, 2, 2, 2, 3, 4]
[1, 1, 1, 2, 2, 2, 2, 2, 7]
[1, 1, 1, 2, 2, 2, 2, 3, 6]
[1, 1, 1, 2, 2, 2, 2, 4, 5]
[1, 1, 1, 2, 2, 2, 2, 9]
[1, 1, 1, 2, 2, 2, 3, 4, 4]
[1, 1, 1, 2, 2, 2, 3, 8]
[1, 1, 1, 2, 2, 2, 4, 7]
[1, 1, 1, 2, 2, 2, 5, 6]
[1, 1, 1, 2, 2, 2, 11]
[1, 1, 1, 2, 2, 3, 4, 6]
[1, 1, 1, 2, 2, 3, 10]
[1, 1, 1, 2, 2, 4, 4, 5]
[1, 1, 1, 2, 2, 4, 9]
[1, 1, 1, 2, 2, 5, 8]
[1, 1, 1, 2, 2, 6, 7]
[1, 1, 1, 2, 2, 13]
[1, 1, 1, 2, 3, 3, 3, 3, 3]
[1, 1, 1, 2, 3, 4, 4, 4]
[1, 1, 1, 2, 3, 4, 8]
[1, 1, 1, 2, 3, 6, 6]
[1, 1, 1, 2, 3, 12]
[1, 1, 1, 2, 4, 4, 7]
[1, 1, 1, 2, 4, 5, 6]
[1, 1, 1, 2, 4, 11]
[1, 1, 1, 2, 5, 10]
[1, 1, 1, 2, 6, 9]
[1, 1, 1, 2, 7, 8]
[1, 1, 1, 2, 15]
[1, 1, 1, 3, 3, 3, 3, 5]
[1, 1, 1, 3, 4, 4, 6]
[1, 1, 1, 3, 4, 10]
[1, 1, 1, 3, 6, 8]
[1, 1, 1, 3, 14]
[1, 1, 1, 4, 6, 7]
[1, 1, 1, 5, 6, 6]
[1, 1, 1, 6, 11]
[1, 1, 1, 7, 10]
[1, 1, 2, 2, 2, 2, 2, 2, 3, 3]
[1, 1, 2, 2, 2, 2, 2, 3, 5]
[1, 1, 2, 2, 2, 2, 3, 3, 4]
[1, 1, 2, 2, 2, 2, 3, 7]
[1, 1, 2, 2, 2, 2, 5, 5]
[1, 1, 2, 2, 2, 3, 3, 6]
[1, 1, 2, 2, 2, 3, 4, 5]
[1, 1, 2, 2, 2, 3, 9]
[1, 1, 2, 2, 2, 5, 7]
[1, 1, 2, 2, 3, 3, 4, 4]
[1, 1, 2, 2, 3, 3, 8]
[1, 1, 2, 2, 3, 4, 7]
[1, 1, 2, 2, 3, 5, 6]
[1, 1, 2, 2, 3, 11]
[1, 1, 2, 2, 4, 5, 5]
[1, 1, 2, 2, 5, 9]
[1, 1, 2, 2, 7, 7]
[1, 1, 2, 3, 3, 4, 6]
[1, 1, 2, 3, 3, 10]
[1, 1, 2, 3, 4, 4, 5]
[1, 1, 2, 3, 4, 9]
[1, 1, 2, 3, 5, 8]
[1, 1, 2, 3, 6, 7]
[1, 1, 2, 3, 13]
[1, 1, 2, 4, 5, 7]
[1, 1, 2, 5, 5, 6]
[1, 1, 2, 5, 11]
[1, 1, 2, 7, 9]
[1, 1, 3, 3, 3, 3, 3, 3]
[1, 1, 3, 3, 4, 4, 4]
[1, 1, 3, 3, 4, 8]
[1, 1, 3, 3, 6, 6]
[1, 1, 3, 3, 12]
[1, 1, 3, 4, 4, 7]
[1, 1, 3, 4, 5, 6]
[1, 1, 3, 4, 11]
[1, 1, 3, 5, 10]
[1, 1, 3, 6, 9]
[1, 1, 3, 7, 8]
[1, 1, 3, 15]
[1, 1, 4, 7, 7]
[1, 1, 5, 6, 7]
[1, 1, 7, 11]
[1, 2, 2, 2, 2, 2, 3, 3, 3]
[1, 2, 2, 2, 2, 3, 3, 5]
[1, 2, 2, 2, 3, 3, 3, 4]
[1, 2, 2, 2, 3, 3, 7]
[1, 2, 2, 2, 3, 5, 5]
[1, 2, 2, 3, 3, 3, 6]
[1, 2, 2, 3, 3, 4, 5]
[1, 2, 2, 3, 3, 9]
[1, 2, 2, 3, 5, 7]
[1, 2, 2, 5, 5, 5]
[1, 2, 3, 3, 3, 4, 4]
[1, 2, 3, 3, 3, 8]
[1, 2, 3, 3, 4, 7]
[1, 2, 3, 3, 5, 6]
[1, 2, 3, 3, 11]
[1, 2, 3, 4, 5, 5]
[1, 2, 3, 5, 9]
[1, 2, 3, 7, 7]
[1, 2, 5, 5, 7]
[1, 3, 3, 3, 4, 6]
[1, 3, 3, 3, 10]
[1, 3, 3, 4, 4, 5]
[1, 3, 3, 4, 9]
[1, 3, 3, 5, 8]
[1, 3, 3, 6, 7]
[1, 3, 3, 13]
[1, 3, 4, 5, 7]
[1, 3, 5, 5, 6]
[1, 3, 5, 11]
[1, 3, 7, 9]
[1, 5, 7, 7]
[2, 2, 2, 2, 2, 2, 2, 2, 2, 2]
[2, 2, 2, 2, 2, 2, 2, 2, 4]
[2, 2, 2, 2, 2, 2, 2, 6]
[2, 2, 2, 2, 2, 2, 4, 4]
[2, 2, 2, 2, 2, 2, 8]
[2, 2, 2, 2, 2, 4, 6]
[2, 2, 2, 2, 2, 10]
[2, 2, 2, 2, 3, 3, 3, 3]
[2, 2, 2, 2, 4, 4, 4]
[2, 2, 2, 2, 4, 8]
[2, 2, 2, 2, 6, 6]
[2, 2, 2, 2, 12]
[2, 2, 2, 3, 3, 3, 5]
[2, 2, 2, 4, 4, 6]
[2, 2, 2, 4, 10]
[2, 2, 2, 6, 8]
[2, 2, 2, 14]
[2, 2, 3, 3, 3, 3, 4]
[2, 2, 3, 3, 3, 7]
[2, 2, 3, 3, 5, 5]
[2, 2, 4, 4, 4, 4]
[2, 2, 4, 4, 8]
[2, 2, 4, 6, 6]
[2, 2, 4, 12]
[2, 2, 6, 10]
[2, 2, 8, 8]
[2, 2, 16]
[2, 3, 3, 3, 3, 6]
[2, 3, 3, 3, 4, 5]
[2, 3, 3, 3, 9]
[2, 3, 3, 5, 7]
[2, 3, 5, 5, 5]
[2, 4, 4, 4, 6]
[2, 4, 4, 10]
[2, 4, 6, 8]
[2, 4, 14]
[2, 6, 6, 6]
[2, 6, 12]
[2, 8, 10]
[2, 18]
[3, 3, 3, 3, 4, 4]
[3, 3, 3, 3, 8]
[3, 3, 3, 4, 7]
[3, 3, 3, 5, 6]
[3, 3, 3, 11]
[3, 3, 4, 5, 5]
[3, 3, 5, 9]
[3, 3, 7, 7]
[3, 5, 5, 7]
[4, 4, 6, 6]
[4, 6, 10]
[6, 6, 8]
[6, 14]
[10, 10]

index: 21
[1, 1, 1, 1, 1, 1, 1, 1, 1, 1, 1, 1, 1, 1, 1, 1, 1, 1, 1, 1, 1]
[1, 1, 1, 1, 1, 1, 1, 1, 1, 1, 1, 1, 1, 1, 1, 1, 1, 4]
[1, 1, 1, 1, 1, 1, 1, 1, 1, 1, 1, 1, 1, 1, 1, 1, 5]
[1, 1, 1, 1, 1, 1, 1, 1, 1, 1, 1, 1, 1, 4, 4]
[1, 1, 1, 1, 1, 1, 1, 1, 1, 1, 1, 1, 1, 8]
[1, 1, 1, 1, 1, 1, 1, 1, 1, 1, 1, 1, 4, 5]
[1, 1, 1, 1, 1, 1, 1, 1, 1, 1, 1, 1, 9]
[1, 1, 1, 1, 1, 1, 1, 1, 1, 1, 1, 5, 5]
[1, 1, 1, 1, 1, 1, 1, 1, 1, 4, 4, 4]
[1, 1, 1, 1, 1, 1, 1, 1, 1, 4, 8]
[1, 1, 1, 1, 1, 1, 1, 1, 1, 12]
[1, 1, 1, 1, 1, 1, 1, 1, 4, 4, 5]
[1, 1, 1, 1, 1, 1, 1, 1, 4, 9]
[1, 1, 1, 1, 1, 1, 1, 1, 5, 8]
[1, 1, 1, 1, 1, 1, 1, 1, 13]
[1, 1, 1, 1, 1, 1, 1, 4, 5, 5]
[1, 1, 1, 1, 1, 1, 1, 5, 9]
[1, 1, 1, 1, 1, 1, 5, 5, 5]
[1, 1, 1, 1, 1, 4, 4, 4, 4]
[1, 1, 1, 1, 1, 4, 4, 8]
[1, 1, 1, 1, 1, 4, 12]
[1, 1, 1, 1, 1, 8, 8]
[1, 1, 1, 1, 1, 16]
[1, 1, 1, 1, 4, 4, 4, 5]
[1, 1, 1, 1, 4, 4, 9]
[1, 1, 1, 1, 4, 5, 8]
[1, 1, 1, 1, 4, 13]
[1, 1, 1, 1, 5, 12]
[1, 1, 1, 1, 8, 9]
[1, 1, 1, 1, 17]
[1, 1, 1, 4, 4, 5, 5]
[1, 1, 1, 4, 5, 9]
[1, 1, 1, 5, 5, 8]
[1, 1, 1, 5, 13]
[1, 1, 1, 9, 9]
[1, 1, 4, 5, 5, 5]
[1, 1, 5, 5, 9]
[1, 4, 4, 4, 4, 4]
[1, 4, 4, 4, 8]
[1, 4, 4, 12]
[1, 4, 8, 8]
[1, 4, 16]
[1, 5, 5, 5, 5]
[1, 8, 12]
[1, 20]
[4, 4, 4, 4, 5]
[4, 4, 4, 9]
[4, 4, 5, 8]
[4, 4, 13]
[4, 5, 12]
[4, 8, 9]
[4, 17]
[5, 8, 8]
[5, 16]
[8, 13]
[9, 12]
[21]

index: 22
[1, 1, 1, 1, 1, 1, 1, 1, 1, 1, 1, 1, 1, 1, 1, 1, 1, 1, 2, 2]
[1, 1, 1, 1, 1, 1, 1, 1, 1, 1, 1, 1, 1, 1, 1, 1, 1, 2, 3]
[1, 1, 1, 1, 1, 1, 1, 1, 1, 1, 1, 1, 1, 1, 1, 1, 3, 3]
[1, 1, 1, 1, 1, 1, 1, 1, 1, 1, 1, 1, 1, 1, 2, 2, 2, 2]
[1, 1, 1, 1, 1, 1, 1, 1, 1, 1, 1, 1, 1, 1, 2, 2, 4]
[1, 1, 1, 1, 1, 1, 1, 1, 1, 1, 1, 1, 1, 1, 2, 6]
[1, 1, 1, 1, 1, 1, 1, 1, 1, 1, 1, 1, 1, 2, 2, 2, 3]
[1, 1, 1, 1, 1, 1, 1, 1, 1, 1, 1, 1, 1, 2, 2, 5]
[1, 1, 1, 1, 1, 1, 1, 1, 1, 1, 1, 1, 1, 2, 3, 4]
[1, 1, 1, 1, 1, 1, 1, 1, 1, 1, 1, 1, 1, 2, 7]
[1, 1, 1, 1, 1, 1, 1, 1, 1, 1, 1, 1, 1, 3, 6]
[1, 1, 1, 1, 1, 1, 1, 1, 1, 1, 1, 1, 2, 2, 3, 3]
[1, 1, 1, 1, 1, 1, 1, 1, 1, 1, 1, 1, 2, 3, 5]
[1, 1, 1, 1, 1, 1, 1, 1, 1, 1, 1, 1, 3, 3, 4]
[1, 1, 1, 1, 1, 1, 1, 1, 1, 1, 1, 1, 3, 7]
[1, 1, 1, 1, 1, 1, 1, 1, 1, 1, 1, 2, 3, 3, 3]
[1, 1, 1, 1, 1, 1, 1, 1, 1, 1, 1, 3, 3, 5]
[1, 1, 1, 1, 1, 1, 1, 1, 1, 1, 2, 2, 2, 2, 2, 2]
[1, 1, 1, 1, 1, 1, 1, 1, 1, 1, 2, 2, 2, 2, 4]
[1, 1, 1, 1, 1, 1, 1, 1, 1, 1, 2, 2, 2, 6]
[1, 1, 1, 1, 1, 1, 1, 1, 1, 1, 2, 2, 4, 4]
[1, 1, 1, 1, 1, 1, 1, 1, 1, 1, 2, 2, 8]
[1, 1, 1, 1, 1, 1, 1, 1, 1, 1, 2, 4, 6]
[1, 1, 1, 1, 1, 1, 1, 1, 1, 1, 2, 10]
[1, 1, 1, 1, 1, 1, 1, 1, 1, 1, 3, 3, 3, 3]
[1, 1, 1, 1, 1, 1, 1, 1, 1, 1, 6, 6]
[1, 1, 1, 1, 1, 1, 1, 1, 1, 2, 2, 2, 2, 2, 3]
[1, 1, 1, 1, 1, 1, 1, 1, 1, 2, 2, 2, 2, 5]
[1, 1, 1, 1, 1, 1, 1, 1, 1, 2, 2, 2, 3, 4]
[1, 1, 1, 1, 1, 1, 1, 1, 1, 2, 2, 2, 7]
[1, 1, 1, 1, 1, 1, 1, 1, 1, 2, 2, 3, 6]
[1, 1, 1, 1, 1, 1, 1, 1, 1, 2, 2, 4, 5]
[1, 1, 1, 1, 1, 1, 1, 1, 1, 2, 2, 9]
[1, 1, 1, 1, 1, 1, 1, 1, 1, 2, 3, 4, 4]
[1, 1, 1, 1, 1, 1, 1, 1, 1, 2, 3, 8]
[1, 1, 1, 1, 1, 1, 1, 1, 1, 2, 4, 7]
[1, 1, 1, 1, 1, 1, 1, 1, 1, 2, 5, 6]
[1, 1, 1, 1, 1, 1, 1, 1, 1, 2, 11]
[1, 1, 1, 1, 1, 1, 1, 1, 1, 3, 4, 6]
[1, 1, 1, 1, 1, 1, 1, 1, 1, 3, 10]
[1, 1, 1, 1, 1, 1, 1, 1, 1, 6, 7]
[1, 1, 1, 1, 1, 1, 1, 1, 2, 2, 2, 2, 3, 3]
[1, 1, 1, 1, 1, 1, 1, 1, 2, 2, 2, 3, 5]
[1, 1, 1, 1, 1, 1, 1, 1, 2, 2, 3, 3, 4]
[1, 1, 1, 1, 1, 1, 1, 1, 2, 2, 3, 7]
[1, 1, 1, 1, 1, 1, 1, 1, 2, 2, 5, 5]
[1, 1, 1, 1, 1, 1, 1, 1, 2, 3, 3, 6]
[1, 1, 1, 1, 1, 1, 1, 1, 2, 3, 4, 5]
[1, 1, 1, 1, 1, 1, 1, 1, 2, 3, 9]
[1, 1, 1, 1, 1, 1, 1, 1, 2, 5, 7]
[1, 1, 1, 1, 1, 1, 1, 1, 3, 3, 4, 4]
[1, 1, 1, 1, 1, 1, 1, 1, 3, 3, 8]
[1, 1, 1, 1, 1, 1, 1, 1, 3, 4, 7]
[1, 1, 1, 1, 1, 1, 1, 1, 3, 5, 6]
[1, 1, 1, 1, 1, 1, 1, 1, 3, 11]
[1, 1, 1, 1, 1, 1, 1, 1, 7, 7]
[1, 1, 1, 1, 1, 1, 1, 2, 2, 2, 3, 3, 3]
[1, 1, 1, 1, 1, 1, 1, 2, 2, 3, 3, 5]
[1, 1, 1, 1, 1, 1, 1, 2, 3, 3, 3, 4]
[1, 1, 1, 1, 1, 1, 1, 2, 3, 3, 7]
[1, 1, 1, 1, 1, 1, 1, 2, 3, 5, 5]
[1, 1, 1, 1, 1, 1, 1, 3, 3, 3, 6]
[1, 1, 1, 1, 1, 1, 1, 3, 3, 4, 5]
[1, 1, 1, 1, 1, 1, 1, 3, 3, 9]
[1, 1, 1, 1, 1, 1, 1, 3, 5, 7]
[1, 1, 1, 1, 1, 1, 2, 2, 2, 2, 2, 2, 2, 2]
[1, 1, 1, 1, 1, 1, 2, 2, 2, 2, 2, 2, 4]
[1, 1, 1, 1, 1, 1, 2, 2, 2, 2, 2, 6]
[1, 1, 1, 1, 1, 1, 2, 2, 2, 2, 4, 4]
[1, 1, 1, 1, 1, 1, 2, 2, 2, 2, 8]
[1, 1, 1, 1, 1, 1, 2, 2, 2, 4, 6]
[1, 1, 1, 1, 1, 1, 2, 2, 2, 10]
[1, 1, 1, 1, 1, 1, 2, 2, 3, 3, 3, 3]
[1, 1, 1, 1, 1, 1, 2, 2, 4, 4, 4]
[1, 1, 1, 1, 1, 1, 2, 2, 4, 8]
[1, 1, 1, 1, 1, 1, 2, 2, 6, 6]
[1, 1, 1, 1, 1, 1, 2, 2, 12]
[1, 1, 1, 1, 1, 1, 2, 3, 3, 3, 5]
[1, 1, 1, 1, 1, 1, 2, 4, 4, 6]
[1, 1, 1, 1, 1, 1, 2, 4, 10]
[1, 1, 1, 1, 1, 1, 2, 6, 8]
[1, 1, 1, 1, 1, 1, 2, 14]
[1, 1, 1, 1, 1, 1, 3, 3, 3, 3, 4]
[1, 1, 1, 1, 1, 1, 3, 3, 3, 7]
[1, 1, 1, 1, 1, 1, 3, 3, 5, 5]
[1, 1, 1, 1, 1, 1, 4, 6, 6]
[1, 1, 1, 1, 1, 1, 6, 10]
[1, 1, 1, 1, 1, 2, 2, 2, 2, 2, 2, 2, 3]
[1, 1, 1, 1, 1, 2, 2, 2, 2, 2, 2, 5]
[1, 1, 1, 1, 1, 2, 2, 2, 2, 2, 3, 4]
[1, 1, 1, 1, 1, 2, 2, 2, 2, 2, 7]
[1, 1, 1, 1, 1, 2, 2, 2, 2, 3, 6]
[1, 1, 1, 1, 1, 2, 2, 2, 2, 4, 5]
[1, 1, 1, 1, 1, 2, 2, 2, 2, 9]
[1, 1, 1, 1, 1, 2, 2, 2, 3, 4, 4]
[1, 1, 1, 1, 1, 2, 2, 2, 3, 8]
[1, 1, 1, 1, 1, 2, 2, 2, 4, 7]
[1, 1, 1, 1, 1, 2, 2, 2, 5, 6]
[1, 1, 1, 1, 1, 2, 2, 2, 11]
[1, 1, 1, 1, 1, 2, 2, 3, 4, 6]
[1, 1, 1, 1, 1, 2, 2, 3, 10]
[1, 1, 1, 1, 1, 2, 2, 4, 4, 5]
[1, 1, 1, 1, 1, 2, 2, 4, 9]
[1, 1, 1, 1, 1, 2, 2, 5, 8]
[1, 1, 1, 1, 1, 2, 2, 6, 7]
[1, 1, 1, 1, 1, 2, 2, 13]
[1, 1, 1, 1, 1, 2, 3, 3, 3, 3, 3]
[1, 1, 1, 1, 1, 2, 3, 4, 4, 4]
[1, 1, 1, 1, 1, 2, 3, 4, 8]
[1, 1, 1, 1, 1, 2, 3, 6, 6]
[1, 1, 1, 1, 1, 2, 3, 12]
[1, 1, 1, 1, 1, 2, 4, 4, 7]
[1, 1, 1, 1, 1, 2, 4, 5, 6]
[1, 1, 1, 1, 1, 2, 4, 11]
[1, 1, 1, 1, 1, 2, 5, 10]
[1, 1, 1, 1, 1, 2, 6, 9]
[1, 1, 1, 1, 1, 2, 7, 8]
[1, 1, 1, 1, 1, 2, 15]
[1, 1, 1, 1, 1, 3, 3, 3, 3, 5]
[1, 1, 1, 1, 1, 3, 4, 4, 6]
[1, 1, 1, 1, 1, 3, 4, 10]
[1, 1, 1, 1, 1, 3, 6, 8]
[1, 1, 1, 1, 1, 3, 14]
[1, 1, 1, 1, 1, 4, 6, 7]
[1, 1, 1, 1, 1, 5, 6, 6]
[1, 1, 1, 1, 1, 6, 11]
[1, 1, 1, 1, 1, 7, 10]
[1, 1, 1, 1, 2, 2, 2, 2, 2, 2, 3, 3]
[1, 1, 1, 1, 2, 2, 2, 2, 2, 3, 5]
[1, 1, 1, 1, 2, 2, 2, 2, 3, 3, 4]
[1, 1, 1, 1, 2, 2, 2, 2, 3, 7]
[1, 1, 1, 1, 2, 2, 2, 2, 5, 5]
[1, 1, 1, 1, 2, 2, 2, 3, 3, 6]
[1, 1, 1, 1, 2, 2, 2, 3, 4, 5]
[1, 1, 1, 1, 2, 2, 2, 3, 9]
[1, 1, 1, 1, 2, 2, 2, 5, 7]
[1, 1, 1, 1, 2, 2, 3, 3, 4, 4]
[1, 1, 1, 1, 2, 2, 3, 3, 8]
[1, 1, 1, 1, 2, 2, 3, 4, 7]
[1, 1, 1, 1, 2, 2, 3, 5, 6]
[1, 1, 1, 1, 2, 2, 3, 11]
[1, 1, 1, 1, 2, 2, 4, 5, 5]
[1, 1, 1, 1, 2, 2, 5, 9]
[1, 1, 1, 1, 2, 2, 7, 7]
[1, 1, 1, 1, 2, 3, 3, 4, 6]
[1, 1, 1, 1, 2, 3, 3, 10]
[1, 1, 1, 1, 2, 3, 4, 4, 5]
[1, 1, 1, 1, 2, 3, 4, 9]
[1, 1, 1, 1, 2, 3, 5, 8]
[1, 1, 1, 1, 2, 3, 6, 7]
[1, 1, 1, 1, 2, 3, 13]
[1, 1, 1, 1, 2, 4, 5, 7]
[1, 1, 1, 1, 2, 5, 5, 6]
[1, 1, 1, 1, 2, 5, 11]
[1, 1, 1, 1, 2, 7, 9]
[1, 1, 1, 1, 3, 3, 3, 3, 3, 3]
[1, 1, 1, 1, 3, 3, 4, 4, 4]
[1, 1, 1, 1, 3, 3, 4, 8]
[1, 1, 1, 1, 3, 3, 6, 6]
[1, 1, 1, 1, 3, 3, 12]
[1, 1, 1, 1, 3, 4, 4, 7]
[1, 1, 1, 1, 3, 4, 5, 6]
[1, 1, 1, 1, 3, 4, 11]
[1, 1, 1, 1, 3, 5, 10]
[1, 1, 1, 1, 3, 6, 9]
[1, 1, 1, 1, 3, 7, 8]
[1, 1, 1, 1, 3, 15]
[1, 1, 1, 1, 4, 7, 7]
[1, 1, 1, 1, 5, 6, 7]
[1, 1, 1, 1, 7, 11]
[1, 1, 1, 2, 2, 2, 2, 2, 3, 3, 3]
[1, 1, 1, 2, 2, 2, 2, 3, 3, 5]
[1, 1, 1, 2, 2, 2, 3, 3, 3, 4]
[1, 1, 1, 2, 2, 2, 3, 3, 7]
[1, 1, 1, 2, 2, 2, 3, 5, 5]
[1, 1, 1, 2, 2, 3, 3, 3, 6]
[1, 1, 1, 2, 2, 3, 3, 4, 5]
[1, 1, 1, 2, 2, 3, 3, 9]
[1, 1, 1, 2, 2, 3, 5, 7]
[1, 1, 1, 2, 2, 5, 5, 5]
[1, 1, 1, 2, 3, 3, 3, 4, 4]
[1, 1, 1, 2, 3, 3, 3, 8]
[1, 1, 1, 2, 3, 3, 4, 7]
[1, 1, 1, 2, 3, 3, 5, 6]
[1, 1, 1, 2, 3, 3, 11]
[1, 1, 1, 2, 3, 4, 5, 5]
[1, 1, 1, 2, 3, 5, 9]
[1, 1, 1, 2, 3, 7, 7]
[1, 1, 1, 2, 5, 5, 7]
[1, 1, 1, 3, 3, 3, 4, 6]
[1, 1, 1, 3, 3, 3, 10]
[1, 1, 1, 3, 3, 4, 4, 5]
[1, 1, 1, 3, 3, 4, 9]
[1, 1, 1, 3, 3, 5, 8]
[1, 1, 1, 3, 3, 6, 7]
[1, 1, 1, 3, 3, 13]
[1, 1, 1, 3, 4, 5, 7]
[1, 1, 1, 3, 5, 5, 6]
[1, 1, 1, 3, 5, 11]
[1, 1, 1, 3, 7, 9]
[1, 1, 1, 5, 7, 7]
[1, 1, 2, 2, 2, 2, 2, 2, 2, 2, 2, 2]
[1, 1, 2, 2, 2, 2, 2, 2, 2, 2, 4]
[1, 1, 2, 2, 2, 2, 2, 2, 2, 6]
[1, 1, 2, 2, 2, 2, 2, 2, 4, 4]
[1, 1, 2, 2, 2, 2, 2, 2, 8]
[1, 1, 2, 2, 2, 2, 2, 4, 6]
[1, 1, 2, 2, 2, 2, 2, 10]
[1, 1, 2, 2, 2, 2, 3, 3, 3, 3]
[1, 1, 2, 2, 2, 2, 4, 4, 4]
[1, 1, 2, 2, 2, 2, 4, 8]
[1, 1, 2, 2, 2, 2, 6, 6]
[1, 1, 2, 2, 2, 2, 12]
[1, 1, 2, 2, 2, 3, 3, 3, 5]
[1, 1, 2, 2, 2, 4, 4, 6]
[1, 1, 2, 2, 2, 4, 10]
[1, 1, 2, 2, 2, 6, 8]
[1, 1, 2, 2, 2, 14]
[1, 1, 2, 2, 3, 3, 3, 3, 4]
[1, 1, 2, 2, 3, 3, 3, 7]
[1, 1, 2, 2, 3, 3, 5, 5]
[1, 1, 2, 2, 4, 4, 4, 4]
[1, 1, 2, 2, 4, 4, 8]
[1, 1, 2, 2, 4, 6, 6]
[1, 1, 2, 2, 4, 12]
[1, 1, 2, 2, 6, 10]
[1, 1, 2, 2, 8, 8]
[1, 1, 2, 2, 16]
[1, 1, 2, 3, 3, 3, 3, 6]
[1, 1, 2, 3, 3, 3, 4, 5]
[1, 1, 2, 3, 3, 3, 9]
[1, 1, 2, 3, 3, 5, 7]
[1, 1, 2, 3, 5, 5, 5]
[1, 1, 2, 4, 4, 4, 6]
[1, 1, 2, 4, 4, 10]
[1, 1, 2, 4, 6, 8]
[1, 1, 2, 4, 14]
[1, 1, 2, 6, 6, 6]
[1, 1, 2, 6, 12]
[1, 1, 2, 8, 10]
[1, 1, 2, 18]
[1, 1, 3, 3, 3, 3, 4, 4]
[1, 1, 3, 3, 3, 3, 8]
[1, 1, 3, 3, 3, 4, 7]
[1, 1, 3, 3, 3, 5, 6]
[1, 1, 3, 3, 3, 11]
[1, 1, 3, 3, 4, 5, 5]
[1, 1, 3, 3, 5, 9]
[1, 1, 3, 3, 7, 7]
[1, 1, 3, 5, 5, 7]
[1, 1, 4, 4, 6, 6]
[1, 1, 4, 6, 10]
[1, 1, 6, 6, 8]
[1, 1, 6, 14]
[1, 1, 10, 10]
[1, 2, 2, 2, 2, 2, 2, 2, 2, 2, 3]
[1, 2, 2, 2, 2, 2, 2, 2, 2, 5]
[1, 2, 2, 2, 2, 2, 2, 2, 3, 4]
[1, 2, 2, 2, 2, 2, 2, 2, 7]
[1, 2, 2, 2, 2, 2, 2, 3, 6]
[1, 2, 2, 2, 2, 2, 2, 4, 5]
[1, 2, 2, 2, 2, 2, 2, 9]
[1, 2, 2, 2, 2, 2, 3, 4, 4]
[1, 2, 2, 2, 2, 2, 3, 8]
[1, 2, 2, 2, 2, 2, 4, 7]
[1, 2, 2, 2, 2, 2, 5, 6]
[1, 2, 2, 2, 2, 2, 11]
[1, 2, 2, 2, 2, 3, 4, 6]
[1, 2, 2, 2, 2, 3, 10]
[1, 2, 2, 2, 2, 4, 4, 5]
[1, 2, 2, 2, 2, 4, 9]
[1, 2, 2, 2, 2, 5, 8]
[1, 2, 2, 2, 2, 6, 7]
[1, 2, 2, 2, 2, 13]
[1, 2, 2, 2, 3, 3, 3, 3, 3]
[1, 2, 2, 2, 3, 4, 4, 4]
[1, 2, 2, 2, 3, 4, 8]
[1, 2, 2, 2, 3, 6, 6]
[1, 2, 2, 2, 3, 12]
[1, 2, 2, 2, 4, 4, 7]
[1, 2, 2, 2, 4, 5, 6]
[1, 2, 2, 2, 4, 11]
[1, 2, 2, 2, 5, 10]
[1, 2, 2, 2, 6, 9]
[1, 2, 2, 2, 7, 8]
[1, 2, 2, 2, 15]
[1, 2, 2, 3, 3, 3, 3, 5]
[1, 2, 2, 3, 4, 4, 6]
[1, 2, 2, 3, 4, 10]
[1, 2, 2, 3, 6, 8]
[1, 2, 2, 3, 14]
[1, 2, 2, 4, 4, 4, 5]
[1, 2, 2, 4, 4, 9]
[1, 2, 2, 4, 5, 8]
[1, 2, 2, 4, 6, 7]
[1, 2, 2, 4, 13]
[1, 2, 2, 5, 6, 6]
[1, 2, 2, 5, 12]
[1, 2, 2, 6, 11]
[1, 2, 2, 7, 10]
[1, 2, 2, 8, 9]
[1, 2, 2, 17]
[1, 2, 3, 3, 3, 3, 3, 4]
[1, 2, 3, 3, 3, 3, 7]
[1, 2, 3, 3, 3, 5, 5]
[1, 2, 3, 4, 4, 4, 4]
[1, 2, 3, 4, 4, 8]
[1, 2, 3, 4, 6, 6]
[1, 2, 3, 4, 12]
[1, 2, 3, 6, 10]
[1, 2, 3, 8, 8]
[1, 2, 3, 16]
[1, 2, 4, 4, 4, 7]
[1, 2, 4, 4, 5, 6]
[1, 2, 4, 4, 11]
[1, 2, 4, 5, 10]
[1, 2, 4, 6, 9]
[1, 2, 4, 7, 8]
[1, 2, 4, 15]
[1, 2, 5, 6, 8]
[1, 2, 5, 14]
[1, 2, 6, 6, 7]
[1, 2, 6, 13]
[1, 2, 7, 12]
[1, 2, 8, 11]
[1, 2, 9, 10]
[1, 2, 19]
[1, 3, 3, 3, 3, 3, 6]
[1, 3, 3, 3, 3, 4, 5]
[1, 3, 3, 3, 3, 9]
[1, 3, 3, 3, 5, 7]
[1, 3, 3, 5, 5, 5]
[1, 3, 4, 4, 4, 6]
[1, 3, 4, 4, 10]
[1, 3, 4, 6, 8]
[1, 3, 4, 14]
[1, 3, 6, 6, 6]
[1, 3, 6, 12]
[1, 3, 8, 10]
[1, 3, 18]
[1, 4, 4, 6, 7]
[1, 4, 5, 6, 6]
[1, 4, 6, 11]
[1, 4, 7, 10]
[1, 5, 6, 10]
[1, 6, 6, 9]
[1, 6, 7, 8]
[1, 6, 15]
[1, 7, 14]
[1, 10, 11]
[2, 2, 2, 2, 2, 2, 2, 2, 3, 3]
[2, 2, 2, 2, 2, 2, 2, 3, 5]
[2, 2, 2, 2, 2, 2, 3, 3, 4]
[2, 2, 2, 2, 2, 2, 3, 7]
[2, 2, 2, 2, 2, 2, 5, 5]
[2, 2, 2, 2, 2, 3, 3, 6]
[2, 2, 2, 2, 2, 3, 4, 5]
[2, 2, 2, 2, 2, 3, 9]
[2, 2, 2, 2, 2, 5, 7]
[2, 2, 2, 2, 3, 3, 4, 4]
[2, 2, 2, 2, 3, 3, 8]
[2, 2, 2, 2, 3, 4, 7]
[2, 2, 2, 2, 3, 5, 6]
[2, 2, 2, 2, 3, 11]
[2, 2, 2, 2, 4, 5, 5]
[2, 2, 2, 2, 5, 9]
[2, 2, 2, 2, 7, 7]
[2, 2, 2, 3, 3, 4, 6]
[2, 2, 2, 3, 3, 10]
[2, 2, 2, 3, 4, 4, 5]
[2, 2, 2, 3, 4, 9]
[2, 2, 2, 3, 5, 8]
[2, 2, 2, 3, 6, 7]
[2, 2, 2, 3, 13]
[2, 2, 2, 4, 5, 7]
[2, 2, 2, 5, 5, 6]
[2, 2, 2, 5, 11]
[2, 2, 2, 7, 9]
[2, 2, 3, 3, 3, 3, 3, 3]
[2, 2, 3, 3, 4, 4, 4]
[2, 2, 3, 3, 4, 8]
[2, 2, 3, 3, 6, 6]
[2, 2, 3, 3, 12]
[2, 2, 3, 4, 4, 7]
[2, 2, 3, 4, 5, 6]
[2, 2, 3, 4, 11]
[2, 2, 3, 5, 10]
[2, 2, 3, 6, 9]
[2, 2, 3, 7, 8]
[2, 2, 3, 15]
[2, 2, 4, 4, 5, 5]
[2, 2, 4, 5, 9]
[2, 2, 4, 7, 7]
[2, 2, 5, 5, 8]
[2, 2, 5, 6, 7]
[2, 2, 5, 13]
[2, 2, 7, 11]
[2, 2, 9, 9]
[2, 3, 3, 3, 3, 3, 5]
[2, 3, 3, 4, 4, 6]
[2, 3, 3, 4, 10]
[2, 3, 3, 6, 8]
[2, 3, 3, 14]
[2, 3, 4, 4, 4, 5]
[2, 3, 4, 4, 9]
[2, 3, 4, 5, 8]
[2, 3, 4, 6, 7]
[2, 3, 4, 13]
[2, 3, 5, 6, 6]
[2, 3, 5, 12]
[2, 3, 6, 11]
[2, 3, 7, 10]
[2, 3, 8, 9]
[2, 3, 17]
[2, 4, 4, 5, 7]
[2, 4, 5, 5, 6]
[2, 4, 5, 11]
[2, 4, 7, 9]
[2, 5, 5, 10]
[2, 5, 6, 9]
[2, 5, 7, 8]
[2, 5, 15]
[2, 6, 7, 7]
[2, 7, 13]
[2, 9, 11]
[3, 3, 3, 3, 3, 3, 4]
[3, 3, 3, 3, 3, 7]
[3, 3, 3, 3, 5, 5]
[3, 3, 4, 4, 4, 4]
[3, 3, 4, 4, 8]
[3, 3, 4, 6, 6]
[3, 3, 4, 12]
[3, 3, 6, 10]
[3, 3, 8, 8]
[3, 3, 16]
[3, 4, 4, 4, 7]
[3, 4, 4, 5, 6]
[3, 4, 4, 11]
[3, 4, 5, 10]
[3, 4, 6, 9]
[3, 4, 7, 8]
[3, 4, 15]
[3, 5, 6, 8]
[3, 5, 14]
[3, 6, 6, 7]
[3, 6, 13]
[3, 7, 12]
[3, 8, 11]
[3, 9, 10]
[3, 19]
[4, 4, 7, 7]
[4, 5, 6, 7]
[4, 7, 11]
[5, 5, 6, 6]
[5, 6, 11]
[5, 7, 10]
[6, 7, 9]
[7, 7, 8]
[7, 15]
[11, 11]

index: 23
[1, 1, 1, 1, 1, 1, 1, 1, 1, 1, 1, 1, 1, 1, 1, 1, 1, 1, 1, 1, 1, 1, 1]
[1, 1, 1, 1, 1, 1, 1, 1, 1, 1, 1, 1, 1, 1, 1, 1, 1, 1, 1, 4]
[1, 1, 1, 1, 1, 1, 1, 1, 1, 1, 1, 1, 1, 1, 1, 1, 1, 1, 5]
[1, 1, 1, 1, 1, 1, 1, 1, 1, 1, 1, 1, 1, 1, 1, 4, 4]
[1, 1, 1, 1, 1, 1, 1, 1, 1, 1, 1, 1, 1, 1, 1, 8]
[1, 1, 1, 1, 1, 1, 1, 1, 1, 1, 1, 1, 1, 1, 4, 5]
[1, 1, 1, 1, 1, 1, 1, 1, 1, 1, 1, 1, 1, 1, 9]
[1, 1, 1, 1, 1, 1, 1, 1, 1, 1, 1, 1, 1, 5, 5]
[1, 1, 1, 1, 1, 1, 1, 1, 1, 1, 1, 4, 4, 4]
[1, 1, 1, 1, 1, 1, 1, 1, 1, 1, 1, 4, 8]
[1, 1, 1, 1, 1, 1, 1, 1, 1, 1, 1, 12]
[1, 1, 1, 1, 1, 1, 1, 1, 1, 1, 4, 4, 5]
[1, 1, 1, 1, 1, 1, 1, 1, 1, 1, 4, 9]
[1, 1, 1, 1, 1, 1, 1, 1, 1, 1, 5, 8]
[1, 1, 1, 1, 1, 1, 1, 1, 1, 1, 13]
[1, 1, 1, 1, 1, 1, 1, 1, 1, 4, 5, 5]
[1, 1, 1, 1, 1, 1, 1, 1, 1, 5, 9]
[1, 1, 1, 1, 1, 1, 1, 1, 5, 5, 5]
[1, 1, 1, 1, 1, 1, 1, 4, 4, 4, 4]
[1, 1, 1, 1, 1, 1, 1, 4, 4, 8]
[1, 1, 1, 1, 1, 1, 1, 4, 12]
[1, 1, 1, 1, 1, 1, 1, 8, 8]
[1, 1, 1, 1, 1, 1, 1, 16]
[1, 1, 1, 1, 1, 1, 4, 4, 4, 5]
[1, 1, 1, 1, 1, 1, 4, 4, 9]
[1, 1, 1, 1, 1, 1, 4, 5, 8]
[1, 1, 1, 1, 1, 1, 4, 13]
[1, 1, 1, 1, 1, 1, 5, 12]
[1, 1, 1, 1, 1, 1, 8, 9]
[1, 1, 1, 1, 1, 1, 17]
[1, 1, 1, 1, 1, 4, 4, 5, 5]
[1, 1, 1, 1, 1, 4, 5, 9]
[1, 1, 1, 1, 1, 5, 5, 8]
[1, 1, 1, 1, 1, 5, 13]
[1, 1, 1, 1, 1, 9, 9]
[1, 1, 1, 1, 4, 5, 5, 5]
[1, 1, 1, 1, 5, 5, 9]
[1, 1, 1, 4, 4, 4, 4, 4]
[1, 1, 1, 4, 4, 4, 8]
[1, 1, 1, 4, 4, 12]
[1, 1, 1, 4, 8, 8]
[1, 1, 1, 4, 16]
[1, 1, 1, 5, 5, 5, 5]
[1, 1, 1, 8, 12]
[1, 1, 1, 20]
[1, 1, 4, 4, 4, 4, 5]
[1, 1, 4, 4, 4, 9]
[1, 1, 4, 4, 5, 8]
[1, 1, 4, 4, 13]
[1, 1, 4, 5, 12]
[1, 1, 4, 8, 9]
[1, 1, 4, 17]
[1, 1, 5, 8, 8]
[1, 1, 5, 16]
[1, 1, 8, 13]
[1, 1, 9, 12]
[1, 1, 21]
[1, 4, 4, 4, 5, 5]
[1, 4, 4, 5, 9]
[1, 4, 5, 5, 8]
[1, 4, 5, 13]
[1, 4, 9, 9]
[1, 5, 5, 12]
[1, 5, 8, 9]
[1, 5, 17]
[1, 9, 13]
[4, 4, 5, 5, 5]
[4, 5, 5, 9]
[5, 5, 5, 8]
[5, 5, 13]
[5, 9, 9]

index: 24
[1, 1, 1, 1, 1, 1, 1, 1, 1, 1, 1, 1, 1, 1, 1, 1, 1, 1, 1, 1, 2, 2]
[1, 1, 1, 1, 1, 1, 1, 1, 1, 1, 1, 1, 1, 1, 1, 1, 1, 1, 1, 2, 3]
[1, 1, 1, 1, 1, 1, 1, 1, 1, 1, 1, 1, 1, 1, 1, 1, 1, 1, 3, 3]
[1, 1, 1, 1, 1, 1, 1, 1, 1, 1, 1, 1, 1, 1, 1, 1, 2, 2, 2, 2]
[1, 1, 1, 1, 1, 1, 1, 1, 1, 1, 1, 1, 1, 1, 1, 1, 2, 2, 4]
[1, 1, 1, 1, 1, 1, 1, 1, 1, 1, 1, 1, 1, 1, 1, 1, 2, 6]
[1, 1, 1, 1, 1, 1, 1, 1, 1, 1, 1, 1, 1, 1, 1, 2, 2, 2, 3]
[1, 1, 1, 1, 1, 1, 1, 1, 1, 1, 1, 1, 1, 1, 1, 2, 2, 5]
[1, 1, 1, 1, 1, 1, 1, 1, 1, 1, 1, 1, 1, 1, 1, 2, 3, 4]
[1, 1, 1, 1, 1, 1, 1, 1, 1, 1, 1, 1, 1, 1, 1, 2, 7]
[1, 1, 1, 1, 1, 1, 1, 1, 1, 1, 1, 1, 1, 1, 1, 3, 6]
[1, 1, 1, 1, 1, 1, 1, 1, 1, 1, 1, 1, 1, 1, 2, 2, 3, 3]
[1, 1, 1, 1, 1, 1, 1, 1, 1, 1, 1, 1, 1, 1, 2, 3, 5]
[1, 1, 1, 1, 1, 1, 1, 1, 1, 1, 1, 1, 1, 1, 3, 3, 4]
[1, 1, 1, 1, 1, 1, 1, 1, 1, 1, 1, 1, 1, 1, 3, 7]
[1, 1, 1, 1, 1, 1, 1, 1, 1, 1, 1, 1, 1, 2, 3, 3, 3]
[1, 1, 1, 1, 1, 1, 1, 1, 1, 1, 1, 1, 1, 3, 3, 5]
[1, 1, 1, 1, 1, 1, 1, 1, 1, 1, 1, 1, 2, 2, 2, 2, 2, 2]
[1, 1, 1, 1, 1, 1, 1, 1, 1, 1, 1, 1, 2, 2, 2, 2, 4]
[1, 1, 1, 1, 1, 1, 1, 1, 1, 1, 1, 1, 2, 2, 2, 6]
[1, 1, 1, 1, 1, 1, 1, 1, 1, 1, 1, 1, 2, 2, 4, 4]
[1, 1, 1, 1, 1, 1, 1, 1, 1, 1, 1, 1, 2, 2, 8]
[1, 1, 1, 1, 1, 1, 1, 1, 1, 1, 1, 1, 2, 4, 6]
[1, 1, 1, 1, 1, 1, 1, 1, 1, 1, 1, 1, 2, 10]
[1, 1, 1, 1, 1, 1, 1, 1, 1, 1, 1, 1, 3, 3, 3, 3]
[1, 1, 1, 1, 1, 1, 1, 1, 1, 1, 1, 1, 6, 6]
[1, 1, 1, 1, 1, 1, 1, 1, 1, 1, 1, 2, 2, 2, 2, 2, 3]
[1, 1, 1, 1, 1, 1, 1, 1, 1, 1, 1, 2, 2, 2, 2, 5]
[1, 1, 1, 1, 1, 1, 1, 1, 1, 1, 1, 2, 2, 2, 3, 4]
[1, 1, 1, 1, 1, 1, 1, 1, 1, 1, 1, 2, 2, 2, 7]
[1, 1, 1, 1, 1, 1, 1, 1, 1, 1, 1, 2, 2, 3, 6]
[1, 1, 1, 1, 1, 1, 1, 1, 1, 1, 1, 2, 2, 4, 5]
[1, 1, 1, 1, 1, 1, 1, 1, 1, 1, 1, 2, 2, 9]
[1, 1, 1, 1, 1, 1, 1, 1, 1, 1, 1, 2, 3, 4, 4]
[1, 1, 1, 1, 1, 1, 1, 1, 1, 1, 1, 2, 3, 8]
[1, 1, 1, 1, 1, 1, 1, 1, 1, 1, 1, 2, 4, 7]
[1, 1, 1, 1, 1, 1, 1, 1, 1, 1, 1, 2, 5, 6]
[1, 1, 1, 1, 1, 1, 1, 1, 1, 1, 1, 2, 11]
[1, 1, 1, 1, 1, 1, 1, 1, 1, 1, 1, 3, 4, 6]
[1, 1, 1, 1, 1, 1, 1, 1, 1, 1, 1, 3, 10]
[1, 1, 1, 1, 1, 1, 1, 1, 1, 1, 1, 6, 7]
[1, 1, 1, 1, 1, 1, 1, 1, 1, 1, 2, 2, 2, 2, 3, 3]
[1, 1, 1, 1, 1, 1, 1, 1, 1, 1, 2, 2, 2, 3, 5]
[1, 1, 1, 1, 1, 1, 1, 1, 1, 1, 2, 2, 3, 3, 4]
[1, 1, 1, 1, 1, 1, 1, 1, 1, 1, 2, 2, 3, 7]
[1, 1, 1, 1, 1, 1, 1, 1, 1, 1, 2, 2, 5, 5]
[1, 1, 1, 1, 1, 1, 1, 1, 1, 1, 2, 3, 3, 6]
[1, 1, 1, 1, 1, 1, 1, 1, 1, 1, 2, 3, 4, 5]
[1, 1, 1, 1, 1, 1, 1, 1, 1, 1, 2, 3, 9]
[1, 1, 1, 1, 1, 1, 1, 1, 1, 1, 2, 5, 7]
[1, 1, 1, 1, 1, 1, 1, 1, 1, 1, 3, 3, 4, 4]
[1, 1, 1, 1, 1, 1, 1, 1, 1, 1, 3, 3, 8]
[1, 1, 1, 1, 1, 1, 1, 1, 1, 1, 3, 4, 7]
[1, 1, 1, 1, 1, 1, 1, 1, 1, 1, 3, 5, 6]
[1, 1, 1, 1, 1, 1, 1, 1, 1, 1, 3, 11]
[1, 1, 1, 1, 1, 1, 1, 1, 1, 1, 7, 7]
[1, 1, 1, 1, 1, 1, 1, 1, 1, 2, 2, 2, 3, 3, 3]
[1, 1, 1, 1, 1, 1, 1, 1, 1, 2, 2, 3, 3, 5]
[1, 1, 1, 1, 1, 1, 1, 1, 1, 2, 3, 3, 3, 4]
[1, 1, 1, 1, 1, 1, 1, 1, 1, 2, 3, 3, 7]
[1, 1, 1, 1, 1, 1, 1, 1, 1, 2, 3, 5, 5]
[1, 1, 1, 1, 1, 1, 1, 1, 1, 3, 3, 3, 6]
[1, 1, 1, 1, 1, 1, 1, 1, 1, 3, 3, 4, 5]
[1, 1, 1, 1, 1, 1, 1, 1, 1, 3, 3, 9]
[1, 1, 1, 1, 1, 1, 1, 1, 1, 3, 5, 7]
[1, 1, 1, 1, 1, 1, 1, 1, 2, 2, 2, 2, 2, 2, 2, 2]
[1, 1, 1, 1, 1, 1, 1, 1, 2, 2, 2, 2, 2, 2, 4]
[1, 1, 1, 1, 1, 1, 1, 1, 2, 2, 2, 2, 2, 6]
[1, 1, 1, 1, 1, 1, 1, 1, 2, 2, 2, 2, 4, 4]
[1, 1, 1, 1, 1, 1, 1, 1, 2, 2, 2, 2, 8]
[1, 1, 1, 1, 1, 1, 1, 1, 2, 2, 2, 4, 6]
[1, 1, 1, 1, 1, 1, 1, 1, 2, 2, 2, 10]
[1, 1, 1, 1, 1, 1, 1, 1, 2, 2, 3, 3, 3, 3]
[1, 1, 1, 1, 1, 1, 1, 1, 2, 2, 4, 4, 4]
[1, 1, 1, 1, 1, 1, 1, 1, 2, 2, 4, 8]
[1, 1, 1, 1, 1, 1, 1, 1, 2, 2, 6, 6]
[1, 1, 1, 1, 1, 1, 1, 1, 2, 2, 12]
[1, 1, 1, 1, 1, 1, 1, 1, 2, 3, 3, 3, 5]
[1, 1, 1, 1, 1, 1, 1, 1, 2, 4, 4, 6]
[1, 1, 1, 1, 1, 1, 1, 1, 2, 4, 10]
[1, 1, 1, 1, 1, 1, 1, 1, 2, 6, 8]
[1, 1, 1, 1, 1, 1, 1, 1, 2, 14]
[1, 1, 1, 1, 1, 1, 1, 1, 3, 3, 3, 3, 4]
[1, 1, 1, 1, 1, 1, 1, 1, 3, 3, 3, 7]
[1, 1, 1, 1, 1, 1, 1, 1, 3, 3, 5, 5]
[1, 1, 1, 1, 1, 1, 1, 1, 4, 6, 6]
[1, 1, 1, 1, 1, 1, 1, 1, 6, 10]
[1, 1, 1, 1, 1, 1, 1, 2, 2, 2, 2, 2, 2, 2, 3]
[1, 1, 1, 1, 1, 1, 1, 2, 2, 2, 2, 2, 2, 5]
[1, 1, 1, 1, 1, 1, 1, 2, 2, 2, 2, 2, 3, 4]
[1, 1, 1, 1, 1, 1, 1, 2, 2, 2, 2, 2, 7]
[1, 1, 1, 1, 1, 1, 1, 2, 2, 2, 2, 3, 6]
[1, 1, 1, 1, 1, 1, 1, 2, 2, 2, 2, 4, 5]
[1, 1, 1, 1, 1, 1, 1, 2, 2, 2, 2, 9]
[1, 1, 1, 1, 1, 1, 1, 2, 2, 2, 3, 4, 4]
[1, 1, 1, 1, 1, 1, 1, 2, 2, 2, 3, 8]
[1, 1, 1, 1, 1, 1, 1, 2, 2, 2, 4, 7]
[1, 1, 1, 1, 1, 1, 1, 2, 2, 2, 5, 6]
[1, 1, 1, 1, 1, 1, 1, 2, 2, 2, 11]
[1, 1, 1, 1, 1, 1, 1, 2, 2, 3, 4, 6]
[1, 1, 1, 1, 1, 1, 1, 2, 2, 3, 10]
[1, 1, 1, 1, 1, 1, 1, 2, 2, 4, 4, 5]
[1, 1, 1, 1, 1, 1, 1, 2, 2, 4, 9]
[1, 1, 1, 1, 1, 1, 1, 2, 2, 5, 8]
[1, 1, 1, 1, 1, 1, 1, 2, 2, 6, 7]
[1, 1, 1, 1, 1, 1, 1, 2, 2, 13]
[1, 1, 1, 1, 1, 1, 1, 2, 3, 3, 3, 3, 3]
[1, 1, 1, 1, 1, 1, 1, 2, 3, 4, 4, 4]
[1, 1, 1, 1, 1, 1, 1, 2, 3, 4, 8]
[1, 1, 1, 1, 1, 1, 1, 2, 3, 6, 6]
[1, 1, 1, 1, 1, 1, 1, 2, 3, 12]
[1, 1, 1, 1, 1, 1, 1, 2, 4, 4, 7]
[1, 1, 1, 1, 1, 1, 1, 2, 4, 5, 6]
[1, 1, 1, 1, 1, 1, 1, 2, 4, 11]
[1, 1, 1, 1, 1, 1, 1, 2, 5, 10]
[1, 1, 1, 1, 1, 1, 1, 2, 6, 9]
[1, 1, 1, 1, 1, 1, 1, 2, 7, 8]
[1, 1, 1, 1, 1, 1, 1, 2, 15]
[1, 1, 1, 1, 1, 1, 1, 3, 3, 3, 3, 5]
[1, 1, 1, 1, 1, 1, 1, 3, 4, 4, 6]
[1, 1, 1, 1, 1, 1, 1, 3, 4, 10]
[1, 1, 1, 1, 1, 1, 1, 3, 6, 8]
[1, 1, 1, 1, 1, 1, 1, 3, 14]
[1, 1, 1, 1, 1, 1, 1, 4, 6, 7]
[1, 1, 1, 1, 1, 1, 1, 5, 6, 6]
[1, 1, 1, 1, 1, 1, 1, 6, 11]
[1, 1, 1, 1, 1, 1, 1, 7, 10]
[1, 1, 1, 1, 1, 1, 2, 2, 2, 2, 2, 2, 3, 3]
[1, 1, 1, 1, 1, 1, 2, 2, 2, 2, 2, 3, 5]
[1, 1, 1, 1, 1, 1, 2, 2, 2, 2, 3, 3, 4]
[1, 1, 1, 1, 1, 1, 2, 2, 2, 2, 3, 7]
[1, 1, 1, 1, 1, 1, 2, 2, 2, 2, 5, 5]
[1, 1, 1, 1, 1, 1, 2, 2, 2, 3, 3, 6]
[1, 1, 1, 1, 1, 1, 2, 2, 2, 3, 4, 5]
[1, 1, 1, 1, 1, 1, 2, 2, 2, 3, 9]
[1, 1, 1, 1, 1, 1, 2, 2, 2, 5, 7]
[1, 1, 1, 1, 1, 1, 2, 2, 3, 3, 4, 4]
[1, 1, 1, 1, 1, 1, 2, 2, 3, 3, 8]
[1, 1, 1, 1, 1, 1, 2, 2, 3, 4, 7]
[1, 1, 1, 1, 1, 1, 2, 2, 3, 5, 6]
[1, 1, 1, 1, 1, 1, 2, 2, 3, 11]
[1, 1, 1, 1, 1, 1, 2, 2, 4, 5, 5]
[1, 1, 1, 1, 1, 1, 2, 2, 5, 9]
[1, 1, 1, 1, 1, 1, 2, 2, 7, 7]
[1, 1, 1, 1, 1, 1, 2, 3, 3, 4, 6]
[1, 1, 1, 1, 1, 1, 2, 3, 3, 10]
[1, 1, 1, 1, 1, 1, 2, 3, 4, 4, 5]
[1, 1, 1, 1, 1, 1, 2, 3, 4, 9]
[1, 1, 1, 1, 1, 1, 2, 3, 5, 8]
[1, 1, 1, 1, 1, 1, 2, 3, 6, 7]
[1, 1, 1, 1, 1, 1, 2, 3, 13]
[1, 1, 1, 1, 1, 1, 2, 4, 5, 7]
[1, 1, 1, 1, 1, 1, 2, 5, 5, 6]
[1, 1, 1, 1, 1, 1, 2, 5, 11]
[1, 1, 1, 1, 1, 1, 2, 7, 9]
[1, 1, 1, 1, 1, 1, 3, 3, 3, 3, 3, 3]
[1, 1, 1, 1, 1, 1, 3, 3, 4, 4, 4]
[1, 1, 1, 1, 1, 1, 3, 3, 4, 8]
[1, 1, 1, 1, 1, 1, 3, 3, 6, 6]
[1, 1, 1, 1, 1, 1, 3, 3, 12]
[1, 1, 1, 1, 1, 1, 3, 4, 4, 7]
[1, 1, 1, 1, 1, 1, 3, 4, 5, 6]
[1, 1, 1, 1, 1, 1, 3, 4, 11]
[1, 1, 1, 1, 1, 1, 3, 5, 10]
[1, 1, 1, 1, 1, 1, 3, 6, 9]
[1, 1, 1, 1, 1, 1, 3, 7, 8]
[1, 1, 1, 1, 1, 1, 3, 15]
[1, 1, 1, 1, 1, 1, 4, 7, 7]
[1, 1, 1, 1, 1, 1, 5, 6, 7]
[1, 1, 1, 1, 1, 1, 7, 11]
[1, 1, 1, 1, 1, 2, 2, 2, 2, 2, 3, 3, 3]
[1, 1, 1, 1, 1, 2, 2, 2, 2, 3, 3, 5]
[1, 1, 1, 1, 1, 2, 2, 2, 3, 3, 3, 4]
[1, 1, 1, 1, 1, 2, 2, 2, 3, 3, 7]
[1, 1, 1, 1, 1, 2, 2, 2, 3, 5, 5]
[1, 1, 1, 1, 1, 2, 2, 3, 3, 3, 6]
[1, 1, 1, 1, 1, 2, 2, 3, 3, 4, 5]
[1, 1, 1, 1, 1, 2, 2, 3, 3, 9]
[1, 1, 1, 1, 1, 2, 2, 3, 5, 7]
[1, 1, 1, 1, 1, 2, 2, 5, 5, 5]
[1, 1, 1, 1, 1, 2, 3, 3, 3, 4, 4]
[1, 1, 1, 1, 1, 2, 3, 3, 3, 8]
[1, 1, 1, 1, 1, 2, 3, 3, 4, 7]
[1, 1, 1, 1, 1, 2, 3, 3, 5, 6]
[1, 1, 1, 1, 1, 2, 3, 3, 11]
[1, 1, 1, 1, 1, 2, 3, 4, 5, 5]
[1, 1, 1, 1, 1, 2, 3, 5, 9]
[1, 1, 1, 1, 1, 2, 3, 7, 7]
[1, 1, 1, 1, 1, 2, 5, 5, 7]
[1, 1, 1, 1, 1, 3, 3, 3, 4, 6]
[1, 1, 1, 1, 1, 3, 3, 3, 10]
[1, 1, 1, 1, 1, 3, 3, 4, 4, 5]
[1, 1, 1, 1, 1, 3, 3, 4, 9]
[1, 1, 1, 1, 1, 3, 3, 5, 8]
[1, 1, 1, 1, 1, 3, 3, 6, 7]
[1, 1, 1, 1, 1, 3, 3, 13]
[1, 1, 1, 1, 1, 3, 4, 5, 7]
[1, 1, 1, 1, 1, 3, 5, 5, 6]
[1, 1, 1, 1, 1, 3, 5, 11]
[1, 1, 1, 1, 1, 3, 7, 9]
[1, 1, 1, 1, 1, 5, 7, 7]
[1, 1, 1, 1, 2, 2, 2, 2, 2, 2, 2, 2, 2, 2]
[1, 1, 1, 1, 2, 2, 2, 2, 2, 2, 2, 2, 4]
[1, 1, 1, 1, 2, 2, 2, 2, 2, 2, 2, 6]
[1, 1, 1, 1, 2, 2, 2, 2, 2, 2, 4, 4]
[1, 1, 1, 1, 2, 2, 2, 2, 2, 2, 8]
[1, 1, 1, 1, 2, 2, 2, 2, 2, 4, 6]
[1, 1, 1, 1, 2, 2, 2, 2, 2, 10]
[1, 1, 1, 1, 2, 2, 2, 2, 3, 3, 3, 3]
[1, 1, 1, 1, 2, 2, 2, 2, 4, 4, 4]
[1, 1, 1, 1, 2, 2, 2, 2, 4, 8]
[1, 1, 1, 1, 2, 2, 2, 2, 6, 6]
[1, 1, 1, 1, 2, 2, 2, 2, 12]
[1, 1, 1, 1, 2, 2, 2, 3, 3, 3, 5]
[1, 1, 1, 1, 2, 2, 2, 4, 4, 6]
[1, 1, 1, 1, 2, 2, 2, 4, 10]
[1, 1, 1, 1, 2, 2, 2, 6, 8]
[1, 1, 1, 1, 2, 2, 2, 14]
[1, 1, 1, 1, 2, 2, 3, 3, 3, 3, 4]
[1, 1, 1, 1, 2, 2, 3, 3, 3, 7]
[1, 1, 1, 1, 2, 2, 3, 3, 5, 5]
[1, 1, 1, 1, 2, 2, 4, 4, 4, 4]
[1, 1, 1, 1, 2, 2, 4, 4, 8]
[1, 1, 1, 1, 2, 2, 4, 6, 6]
[1, 1, 1, 1, 2, 2, 4, 12]
[1, 1, 1, 1, 2, 2, 6, 10]
[1, 1, 1, 1, 2, 2, 8, 8]
[1, 1, 1, 1, 2, 2, 16]
[1, 1, 1, 1, 2, 3, 3, 3, 3, 6]
[1, 1, 1, 1, 2, 3, 3, 3, 4, 5]
[1, 1, 1, 1, 2, 3, 3, 3, 9]
[1, 1, 1, 1, 2, 3, 3, 5, 7]
[1, 1, 1, 1, 2, 3, 5, 5, 5]
[1, 1, 1, 1, 2, 4, 4, 4, 6]
[1, 1, 1, 1, 2, 4, 4, 10]
[1, 1, 1, 1, 2, 4, 6, 8]
[1, 1, 1, 1, 2, 4, 14]
[1, 1, 1, 1, 2, 6, 6, 6]
[1, 1, 1, 1, 2, 6, 12]
[1, 1, 1, 1, 2, 8, 10]
[1, 1, 1, 1, 2, 18]
[1, 1, 1, 1, 3, 3, 3, 3, 4, 4]
[1, 1, 1, 1, 3, 3, 3, 3, 8]
[1, 1, 1, 1, 3, 3, 3, 4, 7]
[1, 1, 1, 1, 3, 3, 3, 5, 6]
[1, 1, 1, 1, 3, 3, 3, 11]
[1, 1, 1, 1, 3, 3, 4, 5, 5]
[1, 1, 1, 1, 3, 3, 5, 9]
[1, 1, 1, 1, 3, 3, 7, 7]
[1, 1, 1, 1, 3, 5, 5, 7]
[1, 1, 1, 1, 4, 4, 6, 6]
[1, 1, 1, 1, 4, 6, 10]
[1, 1, 1, 1, 6, 6, 8]
[1, 1, 1, 1, 6, 14]
[1, 1, 1, 1, 10, 10]
[1, 1, 1, 2, 2, 2, 2, 2, 2, 2, 2, 2, 3]
[1, 1, 1, 2, 2, 2, 2, 2, 2, 2, 2, 5]
[1, 1, 1, 2, 2, 2, 2, 2, 2, 2, 3, 4]
[1, 1, 1, 2, 2, 2, 2, 2, 2, 2, 7]
[1, 1, 1, 2, 2, 2, 2, 2, 2, 3, 6]
[1, 1, 1, 2, 2, 2, 2, 2, 2, 4, 5]
[1, 1, 1, 2, 2, 2, 2, 2, 2, 9]
[1, 1, 1, 2, 2, 2, 2, 2, 3, 4, 4]
[1, 1, 1, 2, 2, 2, 2, 2, 3, 8]
[1, 1, 1, 2, 2, 2, 2, 2, 4, 7]
[1, 1, 1, 2, 2, 2, 2, 2, 5, 6]
[1, 1, 1, 2, 2, 2, 2, 2, 11]
[1, 1, 1, 2, 2, 2, 2, 3, 4, 6]
[1, 1, 1, 2, 2, 2, 2, 3, 10]
[1, 1, 1, 2, 2, 2, 2, 4, 4, 5]
[1, 1, 1, 2, 2, 2, 2, 4, 9]
[1, 1, 1, 2, 2, 2, 2, 5, 8]
[1, 1, 1, 2, 2, 2, 2, 6, 7]
[1, 1, 1, 2, 2, 2, 2, 13]
[1, 1, 1, 2, 2, 2, 3, 3, 3, 3, 3]
[1, 1, 1, 2, 2, 2, 3, 4, 4, 4]
[1, 1, 1, 2, 2, 2, 3, 4, 8]
[1, 1, 1, 2, 2, 2, 3, 6, 6]
[1, 1, 1, 2, 2, 2, 3, 12]
[1, 1, 1, 2, 2, 2, 4, 4, 7]
[1, 1, 1, 2, 2, 2, 4, 5, 6]
[1, 1, 1, 2, 2, 2, 4, 11]
[1, 1, 1, 2, 2, 2, 5, 10]
[1, 1, 1, 2, 2, 2, 6, 9]
[1, 1, 1, 2, 2, 2, 7, 8]
[1, 1, 1, 2, 2, 2, 15]
[1, 1, 1, 2, 2, 3, 3, 3, 3, 5]
[1, 1, 1, 2, 2, 3, 4, 4, 6]
[1, 1, 1, 2, 2, 3, 4, 10]
[1, 1, 1, 2, 2, 3, 6, 8]
[1, 1, 1, 2, 2, 3, 14]
[1, 1, 1, 2, 2, 4, 4, 4, 5]
[1, 1, 1, 2, 2, 4, 4, 9]
[1, 1, 1, 2, 2, 4, 5, 8]
[1, 1, 1, 2, 2, 4, 6, 7]
[1, 1, 1, 2, 2, 4, 13]
[1, 1, 1, 2, 2, 5, 6, 6]
[1, 1, 1, 2, 2, 5, 12]
[1, 1, 1, 2, 2, 6, 11]
[1, 1, 1, 2, 2, 7, 10]
[1, 1, 1, 2, 2, 8, 9]
[1, 1, 1, 2, 2, 17]
[1, 1, 1, 2, 3, 3, 3, 3, 3, 4]
[1, 1, 1, 2, 3, 3, 3, 3, 7]
[1, 1, 1, 2, 3, 3, 3, 5, 5]
[1, 1, 1, 2, 3, 4, 4, 4, 4]
[1, 1, 1, 2, 3, 4, 4, 8]
[1, 1, 1, 2, 3, 4, 6, 6]
[1, 1, 1, 2, 3, 4, 12]
[1, 1, 1, 2, 3, 6, 10]
[1, 1, 1, 2, 3, 8, 8]
[1, 1, 1, 2, 3, 16]
[1, 1, 1, 2, 4, 4, 4, 7]
[1, 1, 1, 2, 4, 4, 5, 6]
[1, 1, 1, 2, 4, 4, 11]
[1, 1, 1, 2, 4, 5, 10]
[1, 1, 1, 2, 4, 6, 9]
[1, 1, 1, 2, 4, 7, 8]
[1, 1, 1, 2, 4, 15]
[1, 1, 1, 2, 5, 6, 8]
[1, 1, 1, 2, 5, 14]
[1, 1, 1, 2, 6, 6, 7]
[1, 1, 1, 2, 6, 13]
[1, 1, 1, 2, 7, 12]
[1, 1, 1, 2, 8, 11]
[1, 1, 1, 2, 9, 10]
[1, 1, 1, 2, 19]
[1, 1, 1, 3, 3, 3, 3, 3, 6]
[1, 1, 1, 3, 3, 3, 3, 4, 5]
[1, 1, 1, 3, 3, 3, 3, 9]
[1, 1, 1, 3, 3, 3, 5, 7]
[1, 1, 1, 3, 3, 5, 5, 5]
[1, 1, 1, 3, 4, 4, 4, 6]
[1, 1, 1, 3, 4, 4, 10]
[1, 1, 1, 3, 4, 6, 8]
[1, 1, 1, 3, 4, 14]
[1, 1, 1, 3, 6, 6, 6]
[1, 1, 1, 3, 6, 12]
[1, 1, 1, 3, 8, 10]
[1, 1, 1, 3, 18]
[1, 1, 1, 4, 4, 6, 7]
[1, 1, 1, 4, 5, 6, 6]
[1, 1, 1, 4, 6, 11]
[1, 1, 1, 4, 7, 10]
[1, 1, 1, 5, 6, 10]
[1, 1, 1, 6, 6, 9]
[1, 1, 1, 6, 7, 8]
[1, 1, 1, 6, 15]
[1, 1, 1, 7, 14]
[1, 1, 1, 10, 11]
[1, 1, 2, 2, 2, 2, 2, 2, 2, 2, 3, 3]
[1, 1, 2, 2, 2, 2, 2, 2, 2, 3, 5]
[1, 1, 2, 2, 2, 2, 2, 2, 3, 3, 4]
[1, 1, 2, 2, 2, 2, 2, 2, 3, 7]
[1, 1, 2, 2, 2, 2, 2, 2, 5, 5]
[1, 1, 2, 2, 2, 2, 2, 3, 3, 6]
[1, 1, 2, 2, 2, 2, 2, 3, 4, 5]
[1, 1, 2, 2, 2, 2, 2, 3, 9]
[1, 1, 2, 2, 2, 2, 2, 5, 7]
[1, 1, 2, 2, 2, 2, 3, 3, 4, 4]
[1, 1, 2, 2, 2, 2, 3, 3, 8]
[1, 1, 2, 2, 2, 2, 3, 4, 7]
[1, 1, 2, 2, 2, 2, 3, 5, 6]
[1, 1, 2, 2, 2, 2, 3, 11]
[1, 1, 2, 2, 2, 2, 4, 5, 5]
[1, 1, 2, 2, 2, 2, 5, 9]
[1, 1, 2, 2, 2, 2, 7, 7]
[1, 1, 2, 2, 2, 3, 3, 4, 6]
[1, 1, 2, 2, 2, 3, 3, 10]
[1, 1, 2, 2, 2, 3, 4, 4, 5]
[1, 1, 2, 2, 2, 3, 4, 9]
[1, 1, 2, 2, 2, 3, 5, 8]
[1, 1, 2, 2, 2, 3, 6, 7]
[1, 1, 2, 2, 2, 3, 13]
[1, 1, 2, 2, 2, 4, 5, 7]
[1, 1, 2, 2, 2, 5, 5, 6]
[1, 1, 2, 2, 2, 5, 11]
[1, 1, 2, 2, 2, 7, 9]
[1, 1, 2, 2, 3, 3, 3, 3, 3, 3]
[1, 1, 2, 2, 3, 3, 4, 4, 4]
[1, 1, 2, 2, 3, 3, 4, 8]
[1, 1, 2, 2, 3, 3, 6, 6]
[1, 1, 2, 2, 3, 3, 12]
[1, 1, 2, 2, 3, 4, 4, 7]
[1, 1, 2, 2, 3, 4, 5, 6]
[1, 1, 2, 2, 3, 4, 11]
[1, 1, 2, 2, 3, 5, 10]
[1, 1, 2, 2, 3, 6, 9]
[1, 1, 2, 2, 3, 7, 8]
[1, 1, 2, 2, 3, 15]
[1, 1, 2, 2, 4, 4, 5, 5]
[1, 1, 2, 2, 4, 5, 9]
[1, 1, 2, 2, 4, 7, 7]
[1, 1, 2, 2, 5, 5, 8]
[1, 1, 2, 2, 5, 6, 7]
[1, 1, 2, 2, 5, 13]
[1, 1, 2, 2, 7, 11]
[1, 1, 2, 2, 9, 9]
[1, 1, 2, 3, 3, 3, 3, 3, 5]
[1, 1, 2, 3, 3, 4, 4, 6]
[1, 1, 2, 3, 3, 4, 10]
[1, 1, 2, 3, 3, 6, 8]
[1, 1, 2, 3, 3, 14]
[1, 1, 2, 3, 4, 4, 4, 5]
[1, 1, 2, 3, 4, 4, 9]
[1, 1, 2, 3, 4, 5, 8]
[1, 1, 2, 3, 4, 6, 7]
[1, 1, 2, 3, 4, 13]
[1, 1, 2, 3, 5, 6, 6]
[1, 1, 2, 3, 5, 12]
[1, 1, 2, 3, 6, 11]
[1, 1, 2, 3, 7, 10]
[1, 1, 2, 3, 8, 9]
[1, 1, 2, 3, 17]
[1, 1, 2, 4, 4, 5, 7]
[1, 1, 2, 4, 5, 5, 6]
[1, 1, 2, 4, 5, 11]
[1, 1, 2, 4, 7, 9]
[1, 1, 2, 5, 5, 10]
[1, 1, 2, 5, 6, 9]
[1, 1, 2, 5, 7, 8]
[1, 1, 2, 5, 15]
[1, 1, 2, 6, 7, 7]
[1, 1, 2, 7, 13]
[1, 1, 2, 9, 11]
[1, 1, 3, 3, 3, 3, 3, 3, 4]
[1, 1, 3, 3, 3, 3, 3, 7]
[1, 1, 3, 3, 3, 3, 5, 5]
[1, 1, 3, 3, 4, 4, 4, 4]
[1, 1, 3, 3, 4, 4, 8]
[1, 1, 3, 3, 4, 6, 6]
[1, 1, 3, 3, 4, 12]
[1, 1, 3, 3, 6, 10]
[1, 1, 3, 3, 8, 8]
[1, 1, 3, 3, 16]
[1, 1, 3, 4, 4, 4, 7]
[1, 1, 3, 4, 4, 5, 6]
[1, 1, 3, 4, 4, 11]
[1, 1, 3, 4, 5, 10]
[1, 1, 3, 4, 6, 9]
[1, 1, 3, 4, 7, 8]
[1, 1, 3, 4, 15]
[1, 1, 3, 5, 6, 8]
[1, 1, 3, 5, 14]
[1, 1, 3, 6, 6, 7]
[1, 1, 3, 6, 13]
[1, 1, 3, 7, 12]
[1, 1, 3, 8, 11]
[1, 1, 3, 9, 10]
[1, 1, 3, 19]
[1, 1, 4, 4, 7, 7]
[1, 1, 4, 5, 6, 7]
[1, 1, 4, 7, 11]
[1, 1, 5, 5, 6, 6]
[1, 1, 5, 6, 11]
[1, 1, 5, 7, 10]
[1, 1, 6, 7, 9]
[1, 1, 7, 7, 8]
[1, 1, 7, 15]
[1, 1, 11, 11]
[1, 2, 2, 2, 2, 2, 2, 2, 3, 3, 3]
[1, 2, 2, 2, 2, 2, 2, 3, 3, 5]
[1, 2, 2, 2, 2, 2, 3, 3, 3, 4]
[1, 2, 2, 2, 2, 2, 3, 3, 7]
[1, 2, 2, 2, 2, 2, 3, 5, 5]
[1, 2, 2, 2, 2, 3, 3, 3, 6]
[1, 2, 2, 2, 2, 3, 3, 4, 5]
[1, 2, 2, 2, 2, 3, 3, 9]
[1, 2, 2, 2, 2, 3, 5, 7]
[1, 2, 2, 2, 2, 5, 5, 5]
[1, 2, 2, 2, 3, 3, 3, 4, 4]
[1, 2, 2, 2, 3, 3, 3, 8]
[1, 2, 2, 2, 3, 3, 4, 7]
[1, 2, 2, 2, 3, 3, 5, 6]
[1, 2, 2, 2, 3, 3, 11]
[1, 2, 2, 2, 3, 4, 5, 5]
[1, 2, 2, 2, 3, 5, 9]
[1, 2, 2, 2, 3, 7, 7]
[1, 2, 2, 2, 5, 5, 7]
[1, 2, 2, 3, 3, 3, 4, 6]
[1, 2, 2, 3, 3, 3, 10]
[1, 2, 2, 3, 3, 4, 4, 5]
[1, 2, 2, 3, 3, 4, 9]
[1, 2, 2, 3, 3, 5, 8]
[1, 2, 2, 3, 3, 6, 7]
[1, 2, 2, 3, 3, 13]
[1, 2, 2, 3, 4, 5, 7]
[1, 2, 2, 3, 5, 5, 6]
[1, 2, 2, 3, 5, 11]
[1, 2, 2, 3, 7, 9]
[1, 2, 2, 4, 5, 5, 5]
[1, 2, 2, 5, 5, 9]
[1, 2, 2, 5, 7, 7]
[1, 2, 3, 3, 3, 3, 3, 3, 3]
[1, 2, 3, 3, 3, 4, 4, 4]
[1, 2, 3, 3, 3, 4, 8]
[1, 2, 3, 3, 3, 6, 6]
[1, 2, 3, 3, 3, 12]
[1, 2, 3, 3, 4, 4, 7]
[1, 2, 3, 3, 4, 5, 6]
[1, 2, 3, 3, 4, 11]
[1, 2, 3, 3, 5, 10]
[1, 2, 3, 3, 6, 9]
[1, 2, 3, 3, 7, 8]
[1, 2, 3, 3, 15]
[1, 2, 3, 4, 4, 5, 5]
[1, 2, 3, 4, 5, 9]
[1, 2, 3, 4, 7, 7]
[1, 2, 3, 5, 5, 8]
[1, 2, 3, 5, 6, 7]
[1, 2, 3, 5, 13]
[1, 2, 3, 7, 11]
[1, 2, 3, 9, 9]
[1, 2, 4, 5, 5, 7]
[1, 2, 5, 5, 5, 6]
[1, 2, 5, 5, 11]
[1, 2, 5, 7, 9]
[1, 2, 7, 7, 7]
[1, 3, 3, 3, 3, 3, 3, 5]
[1, 3, 3, 3, 4, 4, 6]
[1, 3, 3, 3, 4, 10]
[1, 3, 3, 3, 6, 8]
[1, 3, 3, 3, 14]
[1, 3, 3, 4, 4, 4, 5]
[1, 3, 3, 4, 4, 9]
[1, 3, 3, 4, 5, 8]
[1, 3, 3, 4, 6, 7]
[1, 3, 3, 4, 13]
[1, 3, 3, 5, 6, 6]
[1, 3, 3, 5, 12]
[1, 3, 3, 6, 11]
[1, 3, 3, 7, 10]
[1, 3, 3, 8, 9]
[1, 3, 3, 17]
[1, 3, 4, 4, 5, 7]
[1, 3, 4, 5, 5, 6]
[1, 3, 4, 5, 11]
[1, 3, 4, 7, 9]
[1, 3, 5, 5, 10]
[1, 3, 5, 6, 9]
[1, 3, 5, 7, 8]
[1, 3, 5, 15]
[1, 3, 6, 7, 7]
[1, 3, 7, 13]
[1, 3, 9, 11]
[1, 4, 5, 7, 7]
[1, 5, 5, 6, 7]
[1, 5, 7, 11]
[1, 7, 7, 9]
[2, 2, 2, 2, 2, 2, 2, 2, 2, 2, 2, 2]
[2, 2, 2, 2, 2, 2, 2, 2, 2, 2, 4]
[2, 2, 2, 2, 2, 2, 2, 2, 2, 6]
[2, 2, 2, 2, 2, 2, 2, 2, 4, 4]
[2, 2, 2, 2, 2, 2, 2, 2, 8]
[2, 2, 2, 2, 2, 2, 2, 4, 6]
[2, 2, 2, 2, 2, 2, 2, 10]
[2, 2, 2, 2, 2, 2, 3, 3, 3, 3]
[2, 2, 2, 2, 2, 2, 4, 4, 4]
[2, 2, 2, 2, 2, 2, 4, 8]
[2, 2, 2, 2, 2, 2, 6, 6]
[2, 2, 2, 2, 2, 2, 12]
[2, 2, 2, 2, 2, 3, 3, 3, 5]
[2, 2, 2, 2, 2, 4, 4, 6]
[2, 2, 2, 2, 2, 4, 10]
[2, 2, 2, 2, 2, 6, 8]
[2, 2, 2, 2, 2, 14]
[2, 2, 2, 2, 3, 3, 3, 3, 4]
[2, 2, 2, 2, 3, 3, 3, 7]
[2, 2, 2, 2, 3, 3, 5, 5]
[2, 2, 2, 2, 4, 4, 4, 4]
[2, 2, 2, 2, 4, 4, 8]
[2, 2, 2, 2, 4, 6, 6]
[2, 2, 2, 2, 4, 12]
[2, 2, 2, 2, 6, 10]
[2, 2, 2, 2, 8, 8]
[2, 2, 2, 2, 16]
[2, 2, 2, 3, 3, 3, 3, 6]
[2, 2, 2, 3, 3, 3, 4, 5]
[2, 2, 2, 3, 3, 3, 9]
[2, 2, 2, 3, 3, 5, 7]
[2, 2, 2, 3, 5, 5, 5]
[2, 2, 2, 4, 4, 4, 6]
[2, 2, 2, 4, 4, 10]
[2, 2, 2, 4, 6, 8]
[2, 2, 2, 4, 14]
[2, 2, 2, 6, 6, 6]
[2, 2, 2, 6, 12]
[2, 2, 2, 8, 10]
[2, 2, 2, 18]
[2, 2, 3, 3, 3, 3, 4, 4]
[2, 2, 3, 3, 3, 3, 8]
[2, 2, 3, 3, 3, 4, 7]
[2, 2, 3, 3, 3, 5, 6]
[2, 2, 3, 3, 3, 11]
[2, 2, 3, 3, 4, 5, 5]
[2, 2, 3, 3, 5, 9]
[2, 2, 3, 3, 7, 7]
[2, 2, 3, 5, 5, 7]
[2, 2, 4, 4, 4, 4, 4]
[2, 2, 4, 4, 4, 8]
[2, 2, 4, 4, 6, 6]
[2, 2, 4, 4, 12]
[2, 2, 4, 6, 10]
[2, 2, 4, 8, 8]
[2, 2, 4, 16]
[2, 2, 5, 5, 5, 5]
[2, 2, 6, 6, 8]
[2, 2, 6, 14]
[2, 2, 8, 12]
[2, 2, 10, 10]
[2, 2, 20]
[2, 3, 3, 3, 3, 4, 6]
[2, 3, 3, 3, 3, 10]
[2, 3, 3, 3, 4, 4, 5]
[2, 3, 3, 3, 4, 9]
[2, 3, 3, 3, 5, 8]
[2, 3, 3, 3, 6, 7]
[2, 3, 3, 3, 13]
[2, 3, 3, 4, 5, 7]
[2, 3, 3, 5, 5, 6]
[2, 3, 3, 5, 11]
[2, 3, 3, 7, 9]
[2, 3, 4, 5, 5, 5]
[2, 3, 5, 5, 9]
[2, 3, 5, 7, 7]
[2, 4, 4, 4, 4, 6]
[2, 4, 4, 4, 10]
[2, 4, 4, 6, 8]
[2, 4, 4, 14]
[2, 4, 6, 6, 6]
[2, 4, 6, 12]
[2, 4, 8, 10]
[2, 4, 18]
[2, 5, 5, 5, 7]
[2, 6, 6, 10]
[2, 6, 8, 8]
[2, 6, 16]
[2, 8, 14]
[2, 10, 12]
[2, 22]
[3, 3, 3, 3, 3, 3, 3, 3]
[3, 3, 3, 3, 4, 4, 4]
[3, 3, 3, 3, 4, 8]
[3, 3, 3, 3, 6, 6]
[3, 3, 3, 3, 12]
[3, 3, 3, 4, 4, 7]
[3, 3, 3, 4, 5, 6]
[3, 3, 3, 4, 11]
[3, 3, 3, 5, 10]
[3, 3, 3, 6, 9]
[3, 3, 3, 7, 8]
[3, 3, 3, 15]
[3, 3, 4, 4, 5, 5]
[3, 3, 4, 5, 9]
[3, 3, 4, 7, 7]
[3, 3, 5, 5, 8]
[3, 3, 5, 6, 7]
[3, 3, 5, 13]
[3, 3, 7, 11]
[3, 3, 9, 9]
[3, 4, 5, 5, 7]
[3, 5, 5, 5, 6]
[3, 5, 5, 11]
[3, 5, 7, 9]
[3, 7, 7, 7]
[4, 4, 4, 6, 6]
[4, 4, 6, 10]
[4, 6, 6, 8]
[4, 6, 14]
[4, 10, 10]
[5, 5, 7, 7]
[6, 6, 6, 6]
[6, 6, 12]
[6, 8, 10]
[6, 18]
[10, 14]
================ READY ================
